lisflood/elevtn.asc
ncols        347
nrows        584
xllcorner    675000.000000000000
yllcorner    8162500.000000000000
cellsize     500.000000000000
NODATA_value  -9999
[rows 323 to 341 of 584, columns 176 to 219 of 347]
1073.260009765625 1074.5360107421875 1076.219970703125 1077.988037109375 1078.1480712890625 1078.5400390625 1079.716064453125 1074.904052734375 1071.72802734375 1070.8480224609375 1071.384033203125 1072.7080078125 1072.97607421875 1073.1480712890625 1072.8919677734375 1072.7559814453125 1072.3079833984375 1072.7000732421875 1073.528076171875 1073.47607421875 1073.9920654296875 1074.5360107421875 1074.9720458984375 1075.0360107421875 1075.6080322265625 1075.4560546875 1075.7879638671875 1076.0159912109375 1076.656005859375 1075.4439697265625 1074.580078125 1073.5760498046875 1072.4320068359375 1073.8680419921875 1074.5040283203125 1074.10400390625 1074.320068359375 1074.56396484375 1076.81201171875 1081.592041015625 1083.8040771484375 1081.0360107421875 1075.10400390625 1073.864013671875
1068.052001953125 1072.176025390625 1074.447998046875 1077.280029296875 1077.89599609375 1078.2000732421875 1077.3800048828125 1077.1800537109375 1075.0880126953125 1072.35205078125 1071.9920654296875 1072.1800537109375 1072.6240234375 1072.7239990234375 1072.56005859375 1072.112060546875 1071.5400390625 1072.2760009765625 1072.4840087890625 1073.0880126953125 1073.7840576171875 1074.1920166015625 1075.0440673828125 1075.5159912109375 1076.115966796875 1075.9439697265625 1075.508056640625 1075.1519775390625 1075.0960693359375 1074.3759765625 1073.612060546875 1072.4400634765625 1071.676025390625 1072.7960205078125 1072.8800048828125 1072.85205078125 1072.4639892578125 1075.8720703125 1081.9959716796875 1078.320068359375 1076.9959716796875 1074.7320556640625 1072.6240234375 1072.22802734375
1062.8160400390625 1067.780029296875 1072.864013671875 1076.216064453125 1076.9560546875 1077.9759521484375 1077.9720458984375 1076.93603515625 1076.552001953125 1074.02001953125 1072.9920654296875 1070.4639892578125 1071.47607421875 1071.2840576171875 1070.364013671875 1069.6800537109375 1069.7120361328125 1070.5640869140625 1070.89599609375 1071.3360595703125 1073.6080322265625 1074.548095703125 1075.968017578125 1076.97998046875 1077.5679931640625 1077.26806640625 1075.6480712890625 1074.0040283203125 1072.7080078125 1072.260009765625 1071.9400634765625 1070.552001953125 1070.2960205078125 1070.7760009765625 1070.947998046875 1070.6719970703125 1070.97998046875 1075.488037109375 1083.4520263671875 1081.1519775390625 1072.1719970703125 1068.72802734375 1069.39599609375 1070.092041015625
1064.3040771484375 1070.0159912109375 1072.8480224609375 1075.9639892578125 1076.9119873046875 1077.6480712890625 1078.85205078125 1078.9840087890625 1078.5479736328125 1077.115966796875 1075.427978515625 1068.7000732421875 1066.5679931640625 1066.1719970703125 1064.8480224609375 1064.2520751953125 1065.2840576171875 1065.947998046875 1066.947998046875 1069.8800048828125 1072.7879638671875 1074.3800048828125 1077.9840087890625 1078.6280517578125 1078.2120361328125 1076.323974609375 1073.4639892578125 1071.924072265625 1070.6280517578125 1070.364013671875 1068.68798828125 1068.260009765625 1068.0760498046875 1068.416015625 1068.1080322265625 1067.0760498046875 1069.2880859375 1073.531982421875 1084.9840087890625 1082.748046875 1073.427978515625 1067.0400390625 1066.8880615234375 1069.8160400390625
1066.5 1071.2919921875 1073.0479736328125 1075.76806640625 1077 1078.4320068359375 1078.3919677734375 1078.3079833984375 1079.06005859375 1078.3880615234375 1077.3919677734375 1076.823974609375 1078.14404296875 1077.092041015625 1078.2000732421875 1077.3599853515625 1067.9520263671875 1068.2520751953125 1066.2000732421875 1065.1199951171875 1071.2840576171875 1073.4320068359375 1077.16796875 1077.7960205078125 1075.7520751953125 1072.696044921875 1071.780029296875 1071.3599853515625 1068.64404296875 1068.2440185546875 1067.5679931640625 1067.216064453125 1067.9560546875 1069.5880126953125 1068.907958984375 1064.052001953125 1064.6400146484375 1072.716064453125 1083.3880615234375 1084.7120361328125 1079.0440673828125 1070.048095703125 1063.739990234375 1069.176025390625
1068.676025390625 1071.9840087890625 1075.2120361328125 1075.988037109375 1077.10400390625 1078.68408203125 1079.06396484375 1079.3160400390625 1079.5400390625 1079.6600341796875 1079.9080810546875 1080.135986328125 1080.072021484375 1081.6199951171875 1079.9840087890625 1066.4439697265625 1058.1480712890625 1059.5240478515625 1062.76806640625 1064.18798828125 1064.9400634765625 1066.4000244140625 1068.8759765625 1077.083984375 1074.135986328125 1070.280029296875 1070.3280029296875 1070.6240234375 1066.9720458984375 1066.6280517578125 1066.1800537109375 1065.719970703125 1066.9560546875 1069.9000244140625 1071.884033203125 1071.2760009765625 1060.1080322265625 1073.1280517578125 1082.6480712890625 1081.6080322265625 1077.1280517578125 1075.092041015625 1071.011962890625 1078.33203125
1070.9520263671875 1072.7239990234375 1075.8800048828125 1076.7559814453125 1077.8599853515625 1078.5040283203125 1079.112060546875 1079.8599853515625 1080.2919921875 1080.916015625 1082.0360107421875 1079.8919677734375 1079.5240478515625 1082.176025390625 1078.8680419921875 1059.196044921875 1058.3919677734375 1059.0440673828125 1059.3360595703125 1060.3680419921875 1059.6400146484375 1058.9320068359375 1059.115966796875 1060.7559814453125 1061.656005859375 1063.083984375 1064.092041015625 1063.864013671875 1064.488037109375 1063.6719970703125 1064.6400146484375 1063.9400634765625 1064.0560302734375 1063.656005859375 1066.300048828125 1071.5120849609375 1065.0159912109375 1069.580078125 1075.135986328125 1079.0999755859375 1078.7039794921875 1080.219970703125 1077.52001953125 1074.552001953125
1072.072021484375 1073.7919921875 1076.77197265625 1077.6400146484375 1078.66796875 1079.716064453125 1080.4599609375 1080.3399658203125 1080.6160888671875 1080.2919921875 1078.968017578125 1077.4840087890625 1077.6160888671875 1083.7320556640625 1079.3079833984375 1065.89599609375 1057.008056640625 1055.947998046875 1055.135986328125 1055.988037109375 1053.8720703125 1051.884033203125 1051.407958984375 1051.583984375 1050.9520263671875 1052.7239990234375 1053.916015625 1055.1920166015625 1054.8599853515625 1051.1240234375 1049.7000732421875 1049.6519775390625 1049.2520751953125 1047.3800048828125 1056.632080078125 1066.3360595703125 1057.739990234375 1062.6800537109375 1064.1800537109375 1070.0159912109375 1074.47998046875 1078.988037109375 1074.760009765625 1070
1072.68408203125 1074.3880615234375 1076.739990234375 1077.615966796875 1078.447998046875 1079.6920166015625 1080.404052734375 1080.364013671875 1080.6600341796875 1080.3680419921875 1080.239990234375 1077.7120361328125 1075.7000732421875 1078.7840576171875 1081.4639892578125 1077.5999755859375 1073.083984375 1072.7440185546875 1070.66796875 1059.404052734375 1056.47998046875 1055.219970703125 1055.615966796875 1060.1199951171875 1059.9920654296875 1057.280029296875 1053.6640625 1050.323974609375 1048.85205078125 1049.719970703125 1047.580078125 1046.1800537109375 1046.1600341796875 1045.323974609375 1044.416015625 1044.4000244140625 1048.16796875 1047.76806640625 1046.236083984375 1048.66796875 1059.8919677734375 1065.3079833984375 1065.7039794921875 1063.115966796875
1073.4560546875 1074.35205078125 1076.4840087890625 1077.3480224609375 1078.2440185546875 1079.176025390625 1079.615966796875 1080.427978515625 1080.8079833984375 1080.028076171875 1081.011962890625 1077.7320556640625 1076.968017578125 1076.8880615234375 1076.9639892578125 1076.4400634765625 1077.884033203125 1080.9560546875 1080.9400634765625 1073.927978515625 1072.424072265625 1069.9080810546875 1069.5560302734375 1070.8599853515625 1070.1800537109375 1071.0240478515625 1068.6839599609375 1067.8280029296875 1053.8880615234375 1052.31201171875 1052.2080078125 1054.6800537109375 1058.0679931640625 1054.4239501953125 1047.4600830078125 1044.10400390625 1042.488037109375 1041.89599609375 1042.2840576171875 1041.072021484375 1040.904052734375 1043.0360107421875 1042.2520751953125 1042.47607421875
1072.0960693359375 1073.56005859375 1075.5999755859375 1076.7080078125 1077.884033203125 1079.052001953125 1080.404052734375 1080.8079833984375 1080.5440673828125 1079.7559814453125 1079.424072265625 1079.2440185546875 1077.06005859375 1077.580078125 1077.8919677734375 1079.2960205078125 1079.1199951171875 1080.9000244140625 1080.6640625 1075.27197265625 1073.60400390625 1072.488037109375 1073.0799560546875 1073.4200439453125 1071.7960205078125 1075.031982421875 1076.2960205078125 1072.7760009765625 1065.248046875 1061.7440185546875 1061.0360107421875 1071.10400390625 1084.2239990234375 1074.239990234375 1064.6400146484375 1054.280029296875 1042.7520751953125 1043.4720458984375 1046.1240234375 1045.7239990234375 1040.216064453125 1039.447998046875 1038.5360107421875 1038.2520751953125
1070.612060546875 1072.5880126953125 1075.216064453125 1076.2320556640625 1077.176025390625 1078.18408203125 1080.511962890625 1080.1080322265625 1078.8800048828125 1078.93603515625 1079.4000244140625 1079.1160888671875 1077.35595703125 1077.6080322265625 1078.26806640625 1078.7039794921875 1078.3680419921875 1078.2840576171875 1079.0159912109375 1076.072021484375 1075.3560791015625 1076.0400390625 1076.8160400390625 1077.080078125 1074.9200439453125 1077.3160400390625 1078.7039794921875 1079.6600341796875 1074.9400634765625 1069.803955078125 1066.300048828125 1067.364013671875 1078.39599609375 1079.56005859375 1076.6519775390625 1078.3399658203125 1052.5479736328125 1066.4439697265625 1070.4560546875 1074.924072265625 1058.7880859375 1057.864013671875 1048.5479736328125 1040.6199951171875
1071.5360107421875 1072.572021484375 1074.3919677734375 1075.0240478515625 1075.988037109375 1076.7039794921875 1077.7919921875 1078.1640625 1077.656005859375 1078.028076171875 1079.0120849609375 1078.9920654296875 1078.4920654296875 1077.7760009765625 1078.8880615234375 1078.5880126953125 1078.35205078125 1078.676025390625 1079.364013671875 1078.35205078125 1078.02001953125 1076.8360595703125 1076.5760498046875 1075.1600341796875 1073.0880126953125 1073.5360107421875 1074.2120361328125 1083.5760498046875 1079.4080810546875 1073.716064453125 1068.2039794921875 1065.739990234375 1066.7919921875 1071.5560302734375 1076.7239990234375 1076.1199951171875 1068.7840576171875 1074.176025390625 1076.676025390625 1077.615966796875 1077.552001953125 1081.5679931640625 1078.239990234375 1071.7440185546875
1070.800048828125 1071.8599853515625 1073.3360595703125 1073.5999755859375 1074.1519775390625 1074.800048828125 1076.3399658203125 1077.52001953125 1077.6240234375 1077.3599853515625 1078.3079833984375 1078.843994140625 1078.739990234375 1078.5760498046875 1078.6480712890625 1078.2440185546875 1078.1280517578125 1079.300048828125 1080.22802734375 1078.7919921875 1077.156005859375 1075.89599609375 1075.427978515625 1073.511962890625 1074.93603515625 1074.1640625 1073.2120361328125 1081.5400390625 1083.47607421875 1077.27197265625 1069.8880615234375 1066.0679931640625 1064.416015625 1064.2640380859375 1070.072021484375 1073.3360595703125 1066.27197265625 1071.739990234375 1076.9639892578125 1078.4400634765625 1080.4600830078125 1082.2000732421875 1084.18798828125 1080.236083984375
1072.8480224609375 1069.0640869140625 1070.156005859375 1070.864013671875 1071.9520263671875 1073.696044921875 1075.080078125 1076.112060546875 1077.092041015625 1076.7840576171875 1077.748046875 1078.4720458984375 1078.736083984375 1078.6519775390625 1078.9920654296875 1077.739990234375 1077.508056640625 1078.092041015625 1076.77197265625 1076.612060546875 1076.2320556640625 1075.7120361328125 1074.800048828125 1074.14404296875 1074.5760498046875 1073.4959716796875 1072.6519775390625 1080.6800537109375 1083.8759765625 1077.300048828125 1069.3759765625 1065.884033203125 1064.592041015625 1063.60400390625 1066.2359619140625 1067.580078125 1066.5799560546875 1073.300048828125 1080.3160400390625 1082.0040283203125 1085.260009765625 1087.85205078125 1082.7520751953125 1068.8599853515625
1081.9080810546875 1067.6680908203125 1070.8800048828125 1073.343994140625 1073.780029296875 1074.176025390625 1074.424072265625 1074.7000732421875 1076.112060546875 1076.3079833984375 1078.1600341796875 1078.219970703125 1078.35595703125 1078.7239990234375 1078.3919677734375 1077.43603515625 1077.083984375 1076.89208984375 1076.31201171875 1075.592041015625 1074.968017578125 1075.0040283203125 1074.9759521484375 1074.572021484375 1074.072021484375 1073.0240478515625 1072.132080078125 1082.8280029296875 1086.3680419921875 1077.924072265625 1069.3360595703125 1065.9439697265625 1064.2080078125 1063.820068359375 1064.9200439453125 1068.592041015625 1071.2919921875 1077.1640625 1081.9560546875 1084.5120849609375 1087.0440673828125 1087.3360595703125 1082.6480712890625 1064.4920654296875
1087.572021484375 1072.1920166015625 1072.68408203125 1073.5360107421875 1073.83203125 1074.1480712890625 1074.0400390625 1073.8800048828125 1074.9000244140625 1074.9639892578125 1076.2559814453125 1076.14404296875 1076.916015625 1076.800048828125 1076.9720458984375 1079.4920654296875 1079.6519775390625 1076.135986328125 1075.1920166015625 1075.2000732421875 1075.27197265625 1074.9720458984375 1074.8880615234375 1074.780029296875 1074.6080322265625 1073.320068359375 1072.8560791015625 1084.72802734375 1087.5760498046875 1081.2879638671875 1073.3800048828125 1067.300048828125 1066.0679931640625 1067.236083984375 1071.0999755859375 1067.4119873046875 1074.968017578125 1079.320068359375 1084.988037109375 1091.8160400390625 1093.5999755859375 1086.52001953125 1071.7120361328125 1047.988037109375
1089.3560791015625 1073.97607421875 1072.6600341796875 1073.864013671875 1073.508056640625 1073.4119873046875 1072.488037109375 1071.1920166015625 1072.583984375 1073.4959716796875 1073.10400390625 1073.0440673828125 1076.0240478515625 1074.916015625 1076.416015625 1077.7120361328125 1078.916015625 1078.5040283203125 1076.0360107421875 1078.052001953125 1080.43603515625 1079.9520263671875 1078.592041015625 1076 1075.2880859375 1073.947998046875 1074.06005859375 1081.0960693359375 1081.916015625 1081.2320556640625 1077.028076171875 1071.9000244140625 1071.5560302734375 1073.907958984375 1072.8040771484375 1067.115966796875 1077.488037109375 1083.1240234375 1091.031982421875 1097.7080078125 1089.968017578125 1072.6519775390625 1052.97607421875 1035.8720703125
1084.739990234375 1080.216064453125 1077.47607421875 1076.968017578125 1072.6480712890625 1070.800048828125 1069.4639892578125 1068.5440673828125 1069.9560546875 1069.916015625 1069.320068359375 1071 1071.427978515625 1071.35205078125 1072.416015625 1072.9000244140625 1073.072021484375 1074.7120361328125 1075.1280517578125 1074.8800048828125 1080.0240478515625 1080.323974609375 1080.35205078125 1077.3360595703125 1075.927978515625 1075.4200439453125 1075.7239990234375 1072.8800048828125 1072.1719970703125 1073.8680419921875 1073.696044921875 1074.72802734375 1075.5960693359375 1076.8759765625 1069.3280029296875 1066.803955078125 1078.22802734375 1086.404052734375 1094.927978515625 1093.508056640625 1080.06005859375 1056.320068359375 1035.968017578125 1034.6199951171875
