lisflood/elevtn.asc
ncols        347
nrows        584
xllcorner    675000.000000000000
yllcorner    8162500.000000000000
cellsize     500.000000000000
NODATA_value  -9999
[rows 494 to 512 of 584, columns 44 to 87 of 347]
1023.83203125 1024.2840576171875 1024.43603515625 1023.99200439453125 1024.0479736328125 1023.73199462890625 1023.6600341796875 1023.8759765625 1023.7080078125 1023.61602783203125 1024.5560302734375 1024.5240478515625 1024.2960205078125 1024.219970703125 1024.1519775390625 1023.98004150390625 1023.760009765625 1023.6080322265625 1024.0400390625 1024.0479736328125 1023.5040283203125 1023.60400390625 1023.56402587890625 1023.69598388671875 1023.572021484375 1022.9119873046875 1023.2080078125 1023.25604248046875 1023.6400146484375 1024.1640625 1024.33203125 1024.3079833984375 1024.632080078125 1025.052001953125 1025.02001953125 1024.9920654296875 1024.9600830078125 1025.16796875 1025.8880615234375 1027.3079833984375 1027.739990234375 1028.27197265625 1029.1719970703125 1028.4959716796875
1023.95599365234375 1023.8480224609375 1023.9520263671875 1023.72003173828125 1023.364013671875 1023.36798095703125 1023.4200439453125 1023.6199951171875 1023.68402099609375 1023.11602783203125 1024.052001953125 1024.3720703125 1024.2960205078125 1024.4080810546875 1024.1600341796875 1023.72003173828125 1023.47198486328125 1023.43603515625 1024.0040283203125 1024 1023.88800048828125 1023.6240234375 1023.52001953125 1023.39599609375 1023.16802978515625 1022.7919921875 1022.48004150390625 1023.03204345703125 1023.32000732421875 1023.62799072265625 1023.988037109375 1023.7120361328125 1023.73199462890625 1024.416015625 1023.43603515625 1024.1240234375 1024.56005859375 1025.39599609375 1025.47998046875 1026.4599609375 1026.6080322265625 1026.4920654296875 1026.5760498046875 1027.8360595703125
1023.38800048828125 1023.4639892578125 1023.54803466796875 1023.1920166015625 1023.3160400390625 1022.88800048828125 1023.70404052734375 1024.06396484375 1023.50799560546875 1023.1600341796875 1023.63604736328125 1024.3360595703125 1024.176025390625 1023.82403564453125 1023.6199951171875 1023.416015625 1023.4520263671875 1023.280029296875 1023.61199951171875 1023.49603271484375 1023.0159912109375 1022.9840087890625 1023.18402099609375 1023.13201904296875 1022.7919921875 1022.5 1022.239990234375 1022.3800048828125 1022.64404296875 1022.96002197265625 1022.8680419921875 1022.6719970703125 1022.1080322265625 1021.93603515625 1023.14404296875 1023.14801025390625 1023.1719970703125 1024.112060546875 1024.7000732421875 1025.16796875 1025.384033203125 1025.2000732421875 1025.552001953125 1026.0400390625
1022.7760009765625 1022.988037109375 1023.083984375 1022.7080078125 1022.80401611328125 1023.11199951171875 1023.1519775390625 1023.43603515625 1022.4200439453125 1022.676025390625 1023.14801025390625 1023.32403564453125 1023.56402587890625 1023.5560302734375 1023.03204345703125 1023.54803466796875 1023.61602783203125 1023.4520263671875 1023.51202392578125 1023.42401123046875 1023.1080322265625 1023.0360107421875 1022.86798095703125 1023.39599609375 1022.800048828125 1022.47601318359375 1022.239990234375 1022.58001708984375 1022.7440185546875 1022.14801025390625 1021.6240234375 1021.69598388671875 1021.83203125 1021.87603759765625 1021.52801513671875 1021.8800048828125 1021.80401611328125 1021.74798583984375 1021.69598388671875 1022.78399658203125 1024.1640625 1023.64801025390625 1023.0400390625 1023.416015625
1021.843994140625 1021.39202880859375 1022.44000244140625 1022.416015625 1022.42401123046875 1022.9639892578125 1022.780029296875 1023.1600341796875 1022.416015625 1022.22802734375 1022.552001953125 1023.07598876953125 1023.39202880859375 1023.2640380859375 1022.99200439453125 1023.343994140625 1023.1719970703125 1023.2120361328125 1023.0880126953125 1023.3280029296875 1023.083984375 1022.780029296875 1022.6920166015625 1022.97601318359375 1022.87603759765625 1022.447998046875 1022.260009765625 1022.79998779296875 1022.884033203125 1022.468017578125 1022.48004150390625 1022.552001953125 1022.42401123046875 1022.531982421875 1022.16400146484375 1022.2440185546875 1022.39599609375 1022.71600341796875 1021.92401123046875 1022.2239990234375 1022.78802490234375 1023.07598876953125 1023.54400634765625 1024.5999755859375
1021.6719970703125 1020.89202880859375 1020.37200927734375 1021.49200439453125 1022.1199951171875 1022.676025390625 1022.6600341796875 1022.968017578125 1022.35198974609375 1022.4639892578125 1022.3599853515625 1022.89599609375 1022.88800048828125 1022.9840087890625 1022.760009765625 1022.53204345703125 1022.97601318359375 1022.54400634765625 1022.79998779296875 1023.02398681640625 1022.73602294921875 1022.416015625 1022.6080322265625 1022.99200439453125 1022.62799072265625 1022.19598388671875 1021.68402099609375 1021.968017578125 1022.78399658203125 1022.38800048828125 1022.42803955078125 1022.60003662109375 1022.42803955078125 1022.43603515625 1022.6080322265625 1022.583984375 1022.552001953125 1022.45599365234375 1021.9639892578125 1022.2440185546875 1022.60003662109375 1023.15203857421875 1023.239990234375 1023.87603759765625
1020.2559814453125 1020.50799560546875 1020.58001708984375 1021.7120361328125 1022.16802978515625 1022.7440185546875 1022.73199462890625 1022.28802490234375 1022.60400390625 1022.572021484375 1022.30804443359375 1021.9639892578125 1022.16400146484375 1022.40399169921875 1022.3800048828125 1021.760009765625 1021.84002685546875 1022.51202392578125 1022.583984375 1022.38800048828125 1022.46002197265625 1021.864013671875 1022.22003173828125 1022.52801513671875 1022.47601318359375 1021.62799072265625 1021.3800048828125 1021.42803955078125 1021.72003173828125 1021.66400146484375 1021.5040283203125 1021.8680419921875 1022.1080322265625 1022.20001220703125 1022.3800048828125 1022.65203857421875 1022.635986328125 1022.39599609375 1021.89202880859375 1022.488037109375 1022.7080078125 1022.97601318359375 1023.14801025390625 1023.38800048828125
1019.156005859375 1019.60400390625 1020.9840087890625 1021.176025390625 1021.33203125 1021.97198486328125 1021.96002197265625 1021.96405029296875 1022.343994140625 1022.4520263671875 1022.3280029296875 1021.78802490234375 1022.4000244140625 1022.59600830078125 1022.072021484375 1021.60003662109375 1021.5560302734375 1021.9320068359375 1022.0880126953125 1021.97601318359375 1021.63201904296875 1021.66400146484375 1021.61602783203125 1021.4119873046875 1021.2080078125 1021.69598388671875 1020.62799072265625 1021.072021484375 1021.10003662109375 1020.864013671875 1021.0159912109375 1021.2039794921875 1021.45599365234375 1021.56402587890625 1022.156005859375 1022.2760009765625 1022.5400390625 1022.78802490234375 1021.85601806640625 1022.39599609375 1022.68798828125 1022.780029296875 1022.49603271484375 1022.72003173828125
1019.1080322265625 1018.83599853515625 1020.239990234375 1020.5560302734375 1020.94000244140625 1021.2120361328125 1021.43603515625 1021.87200927734375 1021.9200439453125 1022.10003662109375 1022.196044921875 1021.31597900390625 1022.04803466796875 1022.05999755859375 1021.3680419921875 1021.43603515625 1021.364013671875 1022.08001708984375 1022.12799072265625 1021.9720458984375 1021.61199951171875 1021.60400390625 1021.572021484375 1021.14404296875 1020.87200927734375 1020.4119873046875 1019.092041015625 1019.30401611328125 1019.1199951171875 1019.70404052734375 1020.07598876953125 1020.656005859375 1020.92803955078125 1021.4320068359375 1021.9639892578125 1022.1080322265625 1022.30401611328125 1022.4320068359375 1022.12799072265625 1021.73602294921875 1022.14398193359375 1022.16400146484375 1022.260009765625 1022.4840087890625
1018.8280029296875 1016.052001953125 1017.27203369140625 1019.42401123046875 1020.33599853515625 1019.85198974609375 1020.280029296875 1021.072021484375 1021.54400634765625 1021.30401611328125 1021.72802734375 1021.00799560546875 1021.5159912109375 1021.52398681640625 1020.8280029296875 1020.73199462890625 1021.22003173828125 1021.37200927734375 1021.4000244140625 1021.33599853515625 1021.552001953125 1021.67999267578125 1021.30401611328125 1021.01202392578125 1020.82000732421875 1020.583984375 1019.02801513671875 1018.635986328125 1018.33599853515625 1018.83599853515625 1019.54803466796875 1020.06402587890625 1019.96002197265625 1019.843994140625 1019.17999267578125 1020.0880126953125 1020.28802490234375 1020.7120361328125 1021.0159912109375 1020.54400634765625 1020.75604248046875 1021.14404296875 1021.29998779296875 1021.70001220703125
1017.6240234375 1014.98004150390625 1015.67999267578125 1017.843994140625 1019.28802490234375 1018.58001708984375 1018.9639892578125 1020.09600830078125 1020.54400634765625 1020.447998046875 1020.81201171875 1020.82000732421875 1020.70404052734375 1020.49603271484375 1020.09600830078125 1019.68798828125 1020.57598876953125 1020.83203125 1020.61602783203125 1021.0040283203125 1020.97601318359375 1021.09600830078125 1020.55999755859375 1019.95599365234375 1019.8160400390625 1019.4000244140625 1018.97601318359375 1018.31201171875 1018.08001708984375 1017.9840087890625 1018.32403564453125 1018.18798828125 1018.86798095703125 1019.0040283203125 1018.69598388671875 1019.2919921875 1018.9000244140625 1019.5400390625 1019.4000244140625 1017.53204345703125 1018.7919921875 1020.16802978515625 1019.42401123046875 1020.46002197265625
1016.6400146484375 1015.739990234375 1014.2559814453125 1015.99603271484375 1014.97601318359375 1016.57598876953125 1015.6400146484375 1016.5360107421875 1016.58001708984375 1019.15203857421875 1019.416015625 1019.75201416015625 1020.1920166015625 1019.8599853515625 1018.968017578125 1018.65997314453125 1019.5360107421875 1020.0560302734375 1019.93603515625 1020.28399658203125 1020.55999755859375 1020.02398681640625 1019.30401611328125 1018.5999755859375 1018.23602294921875 1018.280029296875 1017.8280029296875 1016.94000244140625 1016.79998779296875 1016.82403564453125 1016.9639892578125 1017.156005859375 1017.04400634765625 1017.42401123046875 1017.083984375 1016.676025390625 1017.68402099609375 1018.71600341796875 1018.53204345703125 1018.2120361328125 1018.6920166015625 1019.09600830078125 1018.4000244140625 1018.35601806640625
1015.14404296875 1014.5360107421875 1014.2239990234375 1015.54400634765625 1015.8160400390625 1013.9119873046875 1014.447998046875 1016.29998779296875 1017.52398681640625 1017.11602783203125 1017.42401123046875 1017.66400146484375 1018.92401123046875 1019.03204345703125 1018.44000244140625 1017.9119873046875 1017.89599609375 1019.0880126953125 1018.97198486328125 1019.08001708984375 1019.59600830078125 1018.91998291015625 1018.2640380859375 1017.75604248046875 1016.82403564453125 1016.583984375 1016.4520263671875 1016.083984375 1016.0040283203125 1015.61199951171875 1015.23199462890625 1015.36004638671875 1016.1080322265625 1015.82000732421875 1015.78399658203125 1015.6400146484375 1016.0679931640625 1017.156005859375 1017.7080078125 1017.6600341796875 1017.66400146484375 1018.1600341796875 1017.5159912109375 1017.02801513671875
1011.4320068359375 1014.42401123046875 1013.99200439453125 1014.81201171875 1015.55999755859375 1014.85601806640625 1014.5880126953125 1014.37200927734375 1014.7960205078125 1015.072021484375 1014.66400146484375 1015.3280029296875 1016.40399169921875 1018.14398193359375 1017.83599853515625 1017.42401123046875 1017.34002685546875 1017.64404296875 1017.35198974609375 1017.3280029296875 1016.968017578125 1016.488037109375 1015.61602783203125 1014.69598388671875 1014.5360107421875 1015.2080078125 1015.16802978515625 1014.50799560546875 1014.60003662109375 1014.343994140625 1013.66400146484375 1012.2559814453125 1013.16802978515625 1014.26800537109375 1014.4520263671875 1014.9639892578125 1014.7440185546875 1015.6400146484375 1016.531982421875 1016.2760009765625 1016.14801025390625 1016.94000244140625 1014.92803955078125 1014.676025390625
1011.0360107421875 1015.04803466796875 1014.46002197265625 1013.9639892578125 1013.384033203125 1012.676025390625 1013.3599853515625 1014.1400146484375 1013.78399658203125 1011.947998046875 1010.0880126953125 1011.5040283203125 1014.4119873046875 1015.239990234375 1015.71600341796875 1015.97998046875 1016.6080322265625 1015.739990234375 1015.32000732421875 1015.52398681640625 1014.947998046875 1014.17999267578125 1012.5880126953125 1009.37603759765625 1008.02801513671875 1012.31201171875 1012.8280029296875 1012.89599609375 1013.343994140625 1013.2919921875 1012.12799072265625 1010.6199951171875 1010.36798095703125 1012.3480224609375 1011.97998046875 1013.04803466796875 1013.31597900390625 1013.9639892578125 1013.73199462890625 1013.99200439453125 1012.635986328125 1012.11602783203125 1012.072021484375 1011.87200927734375
1012.4840087890625 1013.5679931640625 1013.8480224609375 1013.2919921875 1012.68798828125 1012.14404296875 1012.97998046875 1012.196044921875 1011.73602294921875 1011.92401123046875 1011.092041015625 1010.488037109375 1010.99200439453125 1011.4000244140625 1011.739990234375 1011.90399169921875 1012.364013671875 1012.25201416015625 1011.92803955078125 1011.74798583984375 1011.42401123046875 1009.13201904296875 1008.5679931640625 1008.07598876953125 1007.416015625 1009.52801513671875 1007.4000244140625 1009.16400146484375 1010.780029296875 1011.280029296875 1009.72802734375 1008.04803466796875 1006.98004150390625 1009.89202880859375 1007.343994140625 1007.52801513671875 1008.92401123046875 1008.6920166015625 1008.739990234375 1009.884033203125 1007.97998046875 1010.135986328125 1010.59600830078125 1008.83599853515625
1011.52398681640625 1011.4119873046875 1010.97198486328125 1012.16802978515625 1011.427978515625 1010.2960205078125 1010.23199462890625 1009.96002197265625 1009.8280029296875 1010.80401611328125 1010.280029296875 1010.635986328125 1009.8599853515625 1009.42803955078125 1009.8680419921875 1010.8800048828125 1011.083984375 1012.16400146484375 1010.7640380859375 1010.52801513671875 1009.248046875 1008.41998291015625 1009.65203857421875 1009.94403076171875 1008.780029296875 1007.87200927734375 1008.42803955078125 1008.68402099609375 1008.66802978515625 1009.4320068359375 1008.8280029296875 1008.8800048828125 1008.2919921875 1007.8160400390625 1006.656005859375 1005.5679931640625 1006.031982421875 1007.260009765625 1007.40802001953125 1005.97998046875 1006.843994140625 1007.92401123046875 1008.156005859375 1007.65203857421875
1010.5240478515625 1010.79998779296875 1010.4200439453125 1010.196044921875 1010.25604248046875 1010.5880126953125 1009.90802001953125 1009.676025390625 1009.00799560546875 1009.052001953125 1009.11199951171875 1009.42401123046875 1009.35198974609375 1008.9119873046875 1009.21600341796875 1010.04400634765625 1010.16802978515625 1009.8280029296875 1009.156005859375 1009.02001953125 1008.51202392578125 1008.0400390625 1008.68402099609375 1008.22802734375 1007.7919921875 1007.3680419921875 1007.66400146484375 1007.3599853515625 1007.0159912109375 1006.968017578125 1006.36798095703125 1006.67999267578125 1006.488037109375 1007.14801025390625 1006.40399169921875 1006.0400390625 1005.7440185546875 1005.97601318359375 1005.48004150390625 1005.02801513671875 1005.48797607421875 1005.73199462890625 1005.6199951171875 1006.47601318359375
1010.1240234375 1010.2960205078125 1010.4119873046875 1009.947998046875 1010.1600341796875 1010.48004150390625 1010.2440185546875 1009.9639892578125 1009 1009.092041015625 1008.94000244140625 1008.82000732421875 1008.67999267578125 1008.4639892578125 1008.239990234375 1008.1199951171875 1008.135986328125 1008.61199951171875 1007.9000244140625 1007.6080322265625 1007.7919921875 1007.4639892578125 1007.35198974609375 1007.30401611328125 1007.0560302734375 1006.4840087890625 1006.38800048828125 1006.49200439453125 1006.34002685546875 1005.76800537109375 1005.54400634765625 1005.29998779296875 1005.44000244140625 1005.68798828125 1005.280029296875 1005.3800048828125 1004.97601318359375 1004.7440185546875 1004.6199951171875 1004.77203369140625 1004.59197998046875 1004.9320068359375 1004.56402587890625 1005.135986328125
