lisflood/elevtn.asc
ncols        347
nrows        584
xllcorner    675000.000000000000
yllcorner    8162500.000000000000
cellsize     500.000000000000
NODATA_value  -9999
[rows 475 to 493 of 584, columns 176 to 219 of 347]
1024.135986328125 1020.51202392578125 1015.96002197265625 1008.7120361328125 1006.87200927734375 1006.5040283203125 1006.90399169921875 1007.6240234375 1007.552001953125 1007.10003662109375 1011.68798828125 1022.35601806640625 1024.364013671875 1026.364013671875 1028.56396484375 1031.219970703125 1033.508056640625 1035.3480224609375 1037.3160400390625 1038.2000732421875 1040.823974609375 1041.8079833984375 1043.31201171875 1044.33203125 1045.0679931640625 1045.739990234375 1046.7320556640625 1047.1640625 1047.9000244140625 1048.4320068359375 1048.3720703125 1048.85205078125 1049.4000244140625 1050.112060546875 1050.8360595703125 1051.3759765625 1052.5400390625 1053.1080322265625 1053.0679931640625 1053.83203125 1054.31201171875 1054.447998046875 1054.9840087890625 1055.7640380859375
1022.5 1017.364013671875 1016.031982421875 1009.26800537109375 1006.68798828125 1006.364013671875 1006.9000244140625 1007.25604248046875 1007.72003173828125 1007.239990234375 1010.45599365234375 1019.85198974609375 1022.38800048828125 1023.7960205078125 1027.592041015625 1030.572021484375 1032.7080078125 1034.39599609375 1036.5400390625 1039.2440185546875 1040.93603515625 1041.531982421875 1042.9439697265625 1043.5880126953125 1044.2320556640625 1045.3160400390625 1045.8079833984375 1046.3919677734375 1047.1600341796875 1047.072021484375 1047.0760498046875 1047.8720703125 1048.3919677734375 1049.7039794921875 1050.64404296875 1051.8360595703125 1052.8800048828125 1053.343994140625 1053.7000732421875 1054.2039794921875 1054.760009765625 1055.239990234375 1055.5360107421875 1055.508056640625
1018.89599609375 1018.14404296875 1017.196044921875 1006.676025390625 1005.9840087890625 1006.2080078125 1006.6719970703125 1007.38800048828125 1007.6400146484375 1007.488037109375 1008.00799560546875 1015.35198974609375 1017.0560302734375 1017.14398193359375 1022.04400634765625 1028.9840087890625 1032.0400390625 1034.3160400390625 1036.2760009765625 1038.9920654296875 1040.22802734375 1041.196044921875 1042.2640380859375 1043.3880615234375 1044.132080078125 1044.1240234375 1045.156005859375 1045.739990234375 1045.85205078125 1045.615966796875 1041.924072265625 1042.2760009765625 1047.10400390625 1049.3800048828125 1050.7080078125 1051.5040283203125 1052.6280517578125 1053 1053.72802734375 1054.632080078125 1055.2880859375 1055.2120361328125 1055.35595703125 1055.27197265625
1019.35198974609375 1018.39202880859375 1016.7960205078125 1005.60003662109375 1005.92401123046875 1006.1199951171875 1006.30401611328125 1006.75201416015625 1007.59600830078125 1007.5880126953125 1006.60003662109375 1015.2440185546875 1019.16802978515625 1022.4119873046875 1026.1920166015625 1029.9520263671875 1031.56005859375 1034.0400390625 1035.3599853515625 1037.736083984375 1039.0760498046875 1040.56396484375 1041.1280517578125 1041.7960205078125 1042.5960693359375 1043.219970703125 1043.5560302734375 1043.011962890625 1043.6719970703125 1045.115966796875 1044.699951171875 1046.2320556640625 1048.47998046875 1049.9400634765625 1050.7320556640625 1051.488037109375 1052.800048828125 1052.9840087890625 1053.4520263671875 1054.132080078125 1054.719970703125 1054.64794921875 1054.64404296875 1055.26806640625
1018.9639892578125 1018.26800537109375 1015.82403564453125 1005.37603759765625 1005.86798095703125 1006.1199951171875 1006.65203857421875 1006.42803955078125 1007.239990234375 1007.447998046875 1006.5 1016.65203857421875 1022.22802734375 1025.072021484375 1027.4599609375 1029.7760009765625 1031.2440185546875 1032.8480224609375 1034.7000732421875 1036.239990234375 1037.5960693359375 1038.632080078125 1039.884033203125 1040.6640625 1041.5679931640625 1039.7520751953125 1040.7080078125 1044.416015625 1045.884033203125 1046.8680419921875 1046.9560546875 1047.9720458984375 1048.748046875 1049.77197265625 1050.5040283203125 1051.008056640625 1052.1800537109375 1052.4560546875 1052.592041015625 1053.080078125 1053.988037109375 1053.83203125 1054.7239990234375 1055.156005859375
1013.79998779296875 1013.90802001953125 1005.06402587890625 1005.16802978515625 1006.1080322265625 1006.2760009765625 1006.5880126953125 1006.0159912109375 1006.36798095703125 1007.47601318359375 1012.239990234375 1021.11602783203125 1024.02001953125 1025.8280029296875 1027.77197265625 1029.26806640625 1030.2320556640625 1032.364013671875 1033.364013671875 1031.0999755859375 1031.468017578125 1030.7239990234375 1032.5679931640625 1033.2320556640625 1037.35205078125 1042.1199951171875 1044.092041015625 1045.47998046875 1046.14404296875 1047.011962890625 1048.092041015625 1049.2879638671875 1049.3880615234375 1049.6800537109375 1050.508056640625 1050.89208984375 1051.3720703125 1052 1052.0360107421875 1052.3599853515625 1053.135986328125 1054.2000732421875 1054.83203125 1054.4560546875
1013.37200927734375 1012.5159912109375 1005.04400634765625 1005.0159912109375 1006.1719970703125 1006.343994140625 1005.583984375 1005.82000732421875 1010.5040283203125 1011.94403076171875 1017.364013671875 1023.1199951171875 1024.6800537109375 1025.9080810546875 1026.3880615234375 1026.031982421875 1026.4000244140625 1024.5400390625 1023.3160400390625 1029.219970703125 1033.7239990234375 1036.4520263671875 1038.4840087890625 1039.424072265625 1042.219970703125 1042.924072265625 1044.2039794921875 1046.02001953125 1046.907958984375 1047.6640625 1048.3759765625 1049.8399658203125 1050.1400146484375 1050.092041015625 1050.4560546875 1049.9119873046875 1050.028076171875 1049.4959716796875 1049.528076171875 1050.404052734375 1051.884033203125 1053.3480224609375 1053.14404296875 1052.93603515625
1012.88800048828125 1009.04400634765625 1004.92401123046875 1005.1719970703125 1005.47601318359375 1005.17999267578125 1005.75201416015625 1007.7080078125 1010.0159912109375 1010.20404052734375 1013.97198486328125 1014.97198486328125 1014.6719970703125 1015.22003173828125 1016.1240234375 1018.14398193359375 1020.3160400390625 1026.4400634765625 1029.4720458984375 1035.8720703125 1036.27197265625 1037.10400390625 1039.06005859375 1040.0240478515625 1041.6600341796875 1042.9720458984375 1044.2760009765625 1046.4400634765625 1047.300048828125 1047.93603515625 1048.635986328125 1049.3480224609375 1049.988037109375 1050.135986328125 1050.2960205078125 1049.5 1047.89599609375 1044.9119873046875 1044.048095703125 1045.47998046875 1049.9439697265625 1051.2039794921875 1052.3280029296875 1053.7919921875
1012.18402099609375 1008.2960205078125 1004.843994140625 1005.6719970703125 1005.67999267578125 1005.1080322265625 1005.28399658203125 1007.031982421875 1010.57598876953125 1012.54803466796875 1019.52801513671875 1020.9639892578125 1021.04803466796875 1022.3160400390625 1024.5760498046875 1027.2120361328125 1029.320068359375 1031.0880126953125 1032.5 1036.719970703125 1037.5040283203125 1038.5479736328125 1038.7919921875 1039.8360595703125 1041.0040283203125 1043.0159912109375 1044.5999755859375 1046.7080078125 1046.93603515625 1047.5 1047.8399658203125 1048.7320556640625 1049.592041015625 1049.31201171875 1048.9599609375 1047.43603515625 1044.5440673828125 1043.6280517578125 1043.4840087890625 1045.092041015625 1047.3560791015625 1048.4320068359375 1049.0880126953125 1055.4720458984375
1008.98004150390625 1006.72003173828125 1004.83599853515625 1005.60400390625 1005.3800048828125 1005.25201416015625 1005.7640380859375 1008.2080078125 1016.36798095703125 1020.52801513671875 1025.1080322265625 1026.1680908203125 1027.06005859375 1027.47607421875 1029.196044921875 1029.9439697265625 1031.031982421875 1032.447998046875 1034.2559814453125 1037.2080078125 1038.3880615234375 1038.9720458984375 1040 1040.916015625 1041.9959716796875 1043.3480224609375 1044.052001953125 1046.0240478515625 1046.5679931640625 1046.8480224609375 1047.580078125 1048.1319580078125 1048.35205078125 1048.427978515625 1046.9639892578125 1045.99609375 1047.248046875 1046.927978515625 1046.5240478515625 1048.1240234375 1047.572021484375 1046.8480224609375 1046.9000244140625 1055.7880859375
1006.1600341796875 1005.78399658203125 1004.83599853515625 1005.2080078125 1005.1920166015625 1005.42803955078125 1005.447998046875 1008.96002197265625 1019.7080078125 1022.66802978515625 1026.635986328125 1027.89599609375 1028.6280517578125 1029.323974609375 1030.780029296875 1031.6839599609375 1033.1719970703125 1034.14404296875 1035.9840087890625 1037.7320556640625 1038.696044921875 1039.592041015625 1040.083984375 1040.7840576171875 1041.7640380859375 1043.0400390625 1044.1480712890625 1045.7120361328125 1046.468017578125 1046.85595703125 1046.820068359375 1047.1080322265625 1047.424072265625 1048.3880615234375 1047.02001953125 1046.580078125 1048.22802734375 1049.780029296875 1049.4320068359375 1049.7919921875 1049.427978515625 1051.0880126953125 1053.85205078125 1056.0960693359375
1006.32403564453125 1005.5679931640625 1004.76800537109375 1005.24798583984375 1004.99200439453125 1005.635986328125 1005.42803955078125 1011.87200927734375 1022.84002685546875 1025.7320556640625 1028.18798828125 1028.6199951171875 1029.6800537109375 1030.8599853515625 1031.800048828125 1032.716064453125 1033.6800537109375 1035.0560302734375 1036.2640380859375 1037.7039794921875 1038.2320556640625 1039.031982421875 1040.0760498046875 1040.968017578125 1042.0880126953125 1042.9080810546875 1043.9520263671875 1045.4600830078125 1045.3160400390625 1045.1199951171875 1045.68798828125 1045.8280029296875 1045.4000244140625 1041.916015625 1039.5679931640625 1047.800048828125 1049.676025390625 1051.1920166015625 1050.196044921875 1049.9439697265625 1050.4720458984375 1053.10400390625 1054.5479736328125 1055.9119873046875
1006.54400634765625 1005.2640380859375 1004.7080078125 1005.57598876953125 1005.3160400390625 1005.85601806640625 1006.9840087890625 1009.99200439453125 1021.2760009765625 1025.97998046875 1028.280029296875 1029.1080322265625 1030.4080810546875 1031.656005859375 1032.4520263671875 1033.4119873046875 1034.31201171875 1034.8160400390625 1037.343994140625 1038.1240234375 1038.64404296875 1039.364013671875 1040.1920166015625 1041 1041.4520263671875 1042.112060546875 1043.5640869140625 1044.3360595703125 1044.14404296875 1044.0560302734375 1042.748046875 1040.947998046875 1038.7520751953125 1038.635986328125 1042.6640625 1048.052001953125 1050.052001953125 1051.1920166015625 1051.64404296875 1052.47607421875 1053.031982421875 1054.135986328125 1054.6319580078125 1055.7000732421875
1004.916015625 1004.43603515625 1005.260009765625 1005.10400390625 1005.42401123046875 1008.22003173828125 1018.6719970703125 1022.11199951171875 1024.5159912109375 1025.7559814453125 1028.31201171875 1029.9320068359375 1031.156005859375 1032.5880126953125 1033.10400390625 1033.77197265625 1034.64404296875 1035.4599609375 1037.8399658203125 1038.39599609375 1038.7440185546875 1039.3680419921875 1040.31201171875 1041.2120361328125 1042.1640625 1042.2760009765625 1042.384033203125 1042.8919677734375 1041.9560546875 1037.9000244140625 1035.56005859375 1038.1800537109375 1042.1240234375 1044.760009765625 1046.508056640625 1048.635986328125 1050.0960693359375 1051.083984375 1051.927978515625 1052.56005859375 1053.364013671875 1053.9720458984375 1054.27197265625 1055.3360595703125
1004.12799072265625 1004.75201416015625 1004.9639892578125 1005.28802490234375 1005.60003662109375 1011.70001220703125 1021.06402587890625 1024.323974609375 1025.56396484375 1026.83203125 1028.8599853515625 1030.4320068359375 1031.343994140625 1032.4400634765625 1033.1640625 1034.0040283203125 1035.18798828125 1035.8280029296875 1037.4080810546875 1038.2559814453125 1039 1039.9320068359375 1041.4320068359375 1043.1519775390625 1043.8360595703125 1043.06396484375 1037.2359619140625 1034.4959716796875 1032.85205078125 1035.3680419921875 1040.2760009765625 1043.1080322265625 1044.8919677734375 1045.68408203125 1047.4959716796875 1048.5960693359375 1049.7640380859375 1051.248046875 1051.6719970703125 1052.9000244140625 1053.2440185546875 1053.696044921875 1054.092041015625 1054.4320068359375
1004.6600341796875 1007.364013671875 1005.43603515625 1007.3800048828125 1014.2919921875 1019.87200927734375 1022.5400390625 1024.06396484375 1025.080078125 1026.5360107421875 1028.9720458984375 1030.216064453125 1030.6080322265625 1031.76806640625 1032.968017578125 1034 1034.716064453125 1034.840087890625 1036.77197265625 1039.5760498046875 1040.06005859375 1038.947998046875 1036.7000732421875 1033.132080078125 1031.343994140625 1029.7080078125 1031.760009765625 1034.5679931640625 1037.8360595703125 1041.080078125 1042.988037109375 1043.9320068359375 1044.6600341796875 1044.840087890625 1045.56396484375 1046.5999755859375 1049.4200439453125 1050.7000732421875 1051.6480712890625 1052.4959716796875 1053.35205078125 1053.7760009765625 1054.2239990234375 1054.18408203125
1007.59600830078125 1009.36798095703125 1011.8480224609375 1014.7120361328125 1017.72003173828125 1020.13201904296875 1022.02398681640625 1023.09600830078125 1024 1027.1600341796875 1028.8720703125 1029.583984375 1029.8759765625 1031.0400390625 1032.9400634765625 1034.9840087890625 1035.843994140625 1034.320068359375 1039.632080078125 1039.3040771484375 1033.68408203125 1025.5159912109375 1023.62799072265625 1026.468017578125 1030.2760009765625 1032.552001953125 1039.7640380859375 1040.3599853515625 1041.1280517578125 1042.76806640625 1043.2880859375 1043.8040771484375 1044.22802734375 1043.924072265625 1043.68798828125 1046.1280517578125 1048.904052734375 1050.4520263671875 1051.468017578125 1052.488037109375 1053.0159912109375 1053.7760009765625 1053.83203125 1053.81201171875
1018.97601318359375 1023.4119873046875 1018.79998779296875 1009.26800537109375 1008.052001953125 1017.61602783203125 1020.71600341796875 1021.77203369140625 1023.7440185546875 1027.5120849609375 1028.4080810546875 1029.1400146484375 1028.2080078125 1028.9920654296875 1032.33203125 1033.5240478515625 1033.26806640625 1032.0400390625 1034.6400146484375 1032.800048828125 1024.26806640625 1025.176025390625 1030.2559814453125 1034.18798828125 1036.9560546875 1038.2359619140625 1041.3919677734375 1042.2320556640625 1042.800048828125 1042.8480224609375 1043.6480712890625 1043.447998046875 1044.1800537109375 1043.716064453125 1043.7840576171875 1045.1280517578125 1048.800048828125 1050.5360107421875 1051.7200927734375 1052.719970703125 1052.93603515625 1053.02001953125 1052.5880126953125 1052.716064453125
1027.488037109375 1026.3880615234375 1025.260009765625 1020.12799072265625 1012.62799072265625 1011.9119873046875 1011.68402099609375 1009.6240234375 1009.6080322265625 1011.968017578125 1011.93603515625 1020.760009765625 1022.05999755859375 1022.49603271484375 1023.947998046875 1023.8680419921875 1023.7080078125 1023.19598388671875 1021.052001953125 1021.27203369140625 1025.8599853515625 1030.8160400390625 1033.5240478515625 1036.2760009765625 1038.0799560546875 1039.8599853515625 1041.9200439453125 1042.404052734375 1043.02001953125 1042.7080078125 1041.531982421875 1039.323974609375 1039.988037109375 1039.64404296875 1039.739990234375 1043.6680908203125 1049.008056640625 1050.343994140625 1051.1600341796875 1051.4200439453125 1051.424072265625 1050.9000244140625 1051.8480224609375 1051.4439697265625
