lisflood/elevtn.asc
ncols        347
nrows        584
xllcorner    675000.000000000000
yllcorner    8162500.000000000000
cellsize     500.000000000000
NODATA_value  -9999
[rows 209 to 227 of 584, columns 220 to 263 of 347]
1067.219970703125 1068.424072265625 1070.4639892578125 1071.83203125 1073.6920166015625 1076.8040771484375 1085.4920654296875 1081.239990234375 1070.156005859375 1069.8560791015625 1070.0560302734375 1070.85205078125 1075.2880859375 1078.85205078125 1082.1080322265625 1084.8079833984375 1086.552001953125 1087.612060546875 1088.39599609375 1088.97607421875 1089.9000244140625 1090.8040771484375 1091.072021484375 1091.5640869140625 1091.676025390625 1091.5440673828125 1090.320068359375 1088.343994140625 1084.8480224609375 1080.52001953125 1078.7440185546875 1074.7559814453125 1075.85205078125 1076.2760009765625 1075.115966796875 1076.531982421875 1078.612060546875 1078.68798828125 1080.592041015625 1082.944091796875 1084.0240478515625 1081.1160888671875 1090.1640625 1094.1199951171875
1067.85205078125 1070.5159912109375 1071.676025390625 1073.76806640625 1075.9320068359375 1077.7440185546875 1080.0760498046875 1078.66796875 1072.0679931640625 1070.080078125 1073.5479736328125 1076.468017578125 1078.7760009765625 1080.18798828125 1082.840087890625 1084.739990234375 1085.927978515625 1086.7879638671875 1087.8280029296875 1088.5440673828125 1089.444091796875 1090.2080078125 1090.5880126953125 1091.2960205078125 1091.6480712890625 1091.2640380859375 1091.080078125 1090.76806640625 1088.4520263671875 1086.2359619140625 1084.4320068359375 1083.0120849609375 1083.3759765625 1079.2120361328125 1078.2760009765625 1078.4600830078125 1081.2239990234375 1083.696044921875 1085.8599853515625 1087.3280029296875 1089.22802734375 1095.35595703125 1096.323974609375 1096.02001953125
1068.427978515625 1070.8759765625 1073.3680419921875 1073.83203125 1074.06005859375 1075.4400634765625 1074.719970703125 1073.6240234375 1074.2080078125 1075.696044921875 1076.7640380859375 1078.092041015625 1080.592041015625 1081.3480224609375 1082.2919921875 1083.9000244140625 1085.364013671875 1086.0560302734375 1087.0040283203125 1087.6640625 1089.1280517578125 1089.56396484375 1090.248046875 1090.8160400390625 1091.2640380859375 1091.2760009765625 1091.820068359375 1091.7760009765625 1090.7919921875 1089.6280517578125 1088.56005859375 1087.6600341796875 1087.5440673828125 1088.1080322265625 1088.9600830078125 1089.343994140625 1090.635986328125 1091.2239990234375 1092.080078125 1092.112060546875 1092.248046875 1094.4600830078125 1095.4439697265625 1096.635986328125
1066.300048828125 1067.3480224609375 1068.531982421875 1069.35205078125 1069.947998046875 1071.4600830078125 1072.5360107421875 1074.8360595703125 1075.1600341796875 1076.26806640625 1077.7039794921875 1078.092041015625 1081.4920654296875 1082.0999755859375 1081.47607421875 1082.947998046875 1083.8040771484375 1084.6080322265625 1085.4639892578125 1086.531982421875 1087.47998046875 1088.68408203125 1089.85205078125 1090.5679931640625 1090.9400634765625 1091.2840576171875 1091.9520263671875 1092.320068359375 1092.384033203125 1091.3079833984375 1090.944091796875 1090.9959716796875 1091.531982421875 1092.68798828125 1093.323974609375 1092.3759765625 1093.303955078125 1093.300048828125 1093.0960693359375 1093.1920166015625 1093.06005859375 1094.3800048828125 1095.427978515625 1096.2559814453125
1059.9720458984375 1060.60009765625 1063.35205078125 1065.427978515625 1066.9720458984375 1070.4000244140625 1073.2000732421875 1074.81201171875 1075.468017578125 1076.5240478515625 1077.39599609375 1078.320068359375 1081.33203125 1083.18408203125 1083.260009765625 1081.33203125 1081.52001953125 1083.0159912109375 1084.2120361328125 1085.4959716796875 1086.6920166015625 1088.0240478515625 1089.5040283203125 1090.56005859375 1090.404052734375 1090.916015625 1092.0999755859375 1092.924072265625 1093.0479736328125 1093.8480224609375 1093.4600830078125 1093.5440673828125 1092.696044921875 1093.1719970703125 1092.2840576171875 1091.7919921875 1092.216064453125 1092.407958984375 1092.8079833984375 1093.5960693359375 1094.1920166015625 1094.7239990234375 1095.4560546875 1095.83203125
1061.1280517578125 1060.9720458984375 1061.092041015625 1064.8079833984375 1067.6719970703125 1070.3480224609375 1073.4959716796875 1074.6400146484375 1077.1519775390625 1078.4000244140625 1077.8599853515625 1079.4200439453125 1081.9720458984375 1082.176025390625 1082.10400390625 1079.1640625 1079.5120849609375 1080.83203125 1082.9720458984375 1085 1085.8360595703125 1086.947998046875 1088.1199951171875 1089.7559814453125 1089.7720947265625 1091.47607421875 1092.1519775390625 1091.9720458984375 1092.52001953125 1094.820068359375 1096.3759765625 1095.2080078125 1092.052001953125 1091.2120361328125 1091.4560546875 1091.6719970703125 1091.823974609375 1092.219970703125 1093.176025390625 1094.132080078125 1094.760009765625 1095.35205078125 1095.739990234375 1096.64404296875
1065.0880126953125 1064.5040283203125 1062.2000732421875 1063.528076171875 1067.8160400390625 1069.33203125 1072.572021484375 1073.0400390625 1075.0440673828125 1074.68798828125 1074.0440673828125 1071.7760009765625 1071.1319580078125 1067.93603515625 1068.216064453125 1070.6480712890625 1072.2559814453125 1079.508056640625 1081.9200439453125 1083.27197265625 1084.3480224609375 1085.5760498046875 1087.1519775390625 1088.5240478515625 1089.320068359375 1090.156005859375 1090.83203125 1091.3079833984375 1091.696044921875 1093.323974609375 1094.9080810546875 1096.3720703125 1091.427978515625 1091.5360107421875 1091.56005859375 1091.8919677734375 1091.9560546875 1092.5440673828125 1092.7879638671875 1093.580078125 1094.2559814453125 1094.26806640625 1095.1719970703125 1098.2039794921875
1067.112060546875 1067.72802734375 1066.3759765625 1063.7720947265625 1063.696044921875 1066.06005859375 1067.7080078125 1067.511962890625 1066.5440673828125 1065.9439697265625 1066.508056640625 1068.5400390625 1070.9600830078125 1070.1719970703125 1070.592041015625 1071.89599609375 1071.7840576171875 1070.5440673828125 1071.4920654296875 1073.7239990234375 1074.6080322265625 1075.947998046875 1079.2039794921875 1086.56005859375 1087.5880126953125 1088 1088.8680419921875 1089.572021484375 1089.592041015625 1090.2120361328125 1093.384033203125 1093.5240478515625 1090.7120361328125 1090.7039794921875 1090.9520263671875 1091.2919921875 1091.656005859375 1091.6719970703125 1092.323974609375 1093.052001953125 1093.927978515625 1095.2320556640625 1097.6240234375 1100.2080078125
1068.5040283203125 1069.56005859375 1069.4200439453125 1069.3399658203125 1068.6400146484375 1068.2000732421875 1066.22802734375 1066.9200439453125 1066.748046875 1067.364013671875 1067.924072265625 1072.612060546875 1074.508056640625 1074.3160400390625 1074.68798828125 1075.656005859375 1075.632080078125 1075.1480712890625 1075.0640869140625 1075.340087890625 1075.2239990234375 1073.2720947265625 1072.8720703125 1074.43603515625 1075.716064453125 1080.468017578125 1082.988037109375 1083.6480712890625 1084.364013671875 1089.2239990234375 1091.4840087890625 1089.4439697265625 1089.248046875 1089.8079833984375 1089.924072265625 1090.1400146484375 1090.8040771484375 1091.7960205078125 1092.080078125 1092.8800048828125 1096.0240478515625 1098.0760498046875 1099.2320556640625 1100.6920166015625
1070.248046875 1072.4200439453125 1071.4000244140625 1072.156005859375 1072.76806640625 1072.947998046875 1072.64404296875 1073.7640380859375 1075.27197265625 1077.18798828125 1080.1480712890625 1082.248046875 1082.2239990234375 1077.8800048828125 1084.8160400390625 1080.4000244140625 1079.66796875 1080.416015625 1080.47607421875 1080.028076171875 1080.47607421875 1080.9439697265625 1079.39599609375 1077.800048828125 1077.364013671875 1077.5960693359375 1077.10400390625 1076.3800048828125 1077.3360595703125 1079.1600341796875 1081.9920654296875 1083.9400634765625 1086.320068359375 1086.927978515625 1087.6199951171875 1089.1800537109375 1090.2640380859375 1091.196044921875 1091.583984375 1092.9200439453125 1096.0440673828125 1097.97998046875 1099.10400390625 1100.427978515625
1071.615966796875 1072.748046875 1073.5960693359375 1074.5360107421875 1074.1920166015625 1076.447998046875 1076.4400634765625 1076.864013671875 1077.9000244140625 1080.6719970703125 1085.7879638671875 1090.0880126953125 1087.93603515625 1080.26806640625 1082.216064453125 1081.843994140625 1082.4400634765625 1083.0679931640625 1083.7440185546875 1083.6640625 1084.072021484375 1084.2440185546875 1085.219970703125 1085.216064453125 1085.583984375 1083.8079833984375 1082.260009765625 1078.9320068359375 1076.7640380859375 1078.1480712890625 1080.8560791015625 1083.02001953125 1084.35205078125 1086.5999755859375 1088.196044921875 1089.323974609375 1089.7880859375 1091.508056640625 1092.7840576171875 1093.72802734375 1095.696044921875 1096.364013671875 1097.884033203125 1099.77197265625
1071.93603515625 1072.47607421875 1073.196044921875 1074.3040771484375 1075.2840576171875 1077.4520263671875 1078.4119873046875 1078.9000244140625 1079.6800537109375 1081.6600341796875 1084.236083984375 1083.8480224609375 1083.572021484375 1082.6480712890625 1083.416015625 1083.716064453125 1083.93603515625 1084.320068359375 1084.6080322265625 1085.031982421875 1085.5999755859375 1085.916015625 1087.0400390625 1087.083984375 1086.427978515625 1087.424072265625 1087.2239990234375 1085 1079.6839599609375 1077.5159912109375 1077.9080810546875 1082.944091796875 1084.988037109375 1087.0679931640625 1088.26806640625 1090.0679931640625 1090.9520263671875 1091.572021484375 1093.06005859375 1094.5679931640625 1096.716064453125 1097.8599853515625 1098.5479736328125 1098.6480712890625
1071.1519775390625 1071.716064453125 1072.580078125 1074.6080322265625 1075.1920166015625 1078.2039794921875 1079.780029296875 1080.3280029296875 1080.820068359375 1081.66796875 1083.0760498046875 1084.552001953125 1084.364013671875 1084.4720458984375 1083.7760009765625 1083.8880615234375 1084.3040771484375 1084.76806640625 1085.008056640625 1086.052001953125 1085.9959716796875 1086.092041015625 1087.68798828125 1087.8599853515625 1088.196044921875 1088.9520263671875 1089.0679931640625 1087.7919921875 1081.39599609375 1080.0159912109375 1077.7320556640625 1079.3680419921875 1085.3800048828125 1087.0240478515625 1089.10400390625 1090.2039794921875 1091.468017578125 1092.635986328125 1093.68798828125 1094.3599853515625 1096.2919921875 1097.0360107421875 1097.7120361328125 1098.5240478515625
1068.89599609375 1068.3800048828125 1068.583984375 1070.7440185546875 1075.39599609375 1078.6519775390625 1080.216064453125 1081.427978515625 1082.8720703125 1083.4599609375 1083.9840087890625 1085.083984375 1085.072021484375 1085.008056640625 1083.7359619140625 1084.10400390625 1084.416015625 1084.800048828125 1085.6080322265625 1086.0440673828125 1085.696044921875 1085.2919921875 1086.4119873046875 1086.968017578125 1087.0440673828125 1087.0400390625 1088.1240234375 1085.8800048828125 1082.3160400390625 1080.39599609375 1077.97998046875 1078.5760498046875 1085.3040771484375 1087.468017578125 1089.47607421875 1090.615966796875 1092.0479736328125 1093.5360107421875 1094.416015625 1094.656005859375 1096.1519775390625 1097.176025390625 1098.248046875 1099.1400146484375
1070.1080322265625 1068.4959716796875 1066.02001953125 1066.156005859375 1074.7960205078125 1078.76806640625 1080.52001953125 1081.83203125 1082.8079833984375 1083.3360595703125 1083.97607421875 1085.1400146484375 1085.6160888671875 1085.9560546875 1084.4000244140625 1084.447998046875 1084.83203125 1084.968017578125 1085.3680419921875 1085.7760009765625 1085.26806640625 1084.85205078125 1085.8079833984375 1085.907958984375 1086.5240478515625 1086.85205078125 1086.716064453125 1085.800048828125 1082.884033203125 1081.3720703125 1079.7760009765625 1077.9520263671875 1084.3560791015625 1087.364013671875 1089.6600341796875 1091.9119873046875 1092.7879638671875 1093.800048828125 1094.864013671875 1095.2440185546875 1097.008056640625 1097.9639892578125 1098.02001953125 1098.7120361328125
1071.2960205078125 1069.8599853515625 1068.2120361328125 1069.092041015625 1074.64404296875 1078.924072265625 1080.6199951171875 1082.2120361328125 1082.97998046875 1083.632080078125 1084.364013671875 1085.2000732421875 1085.5679931640625 1086.1199951171875 1086.35205078125 1086.072021484375 1086.0880126953125 1085.6480712890625 1085.843994140625 1085.4840087890625 1084.8680419921875 1085.6680908203125 1086.320068359375 1086.5760498046875 1087.1719970703125 1087.2960205078125 1086.8720703125 1086.0479736328125 1084.4720458984375 1082.7039794921875 1079.8160400390625 1079.4920654296875 1086.583984375 1088.7919921875 1090.60400390625 1092.4400634765625 1093.4599609375 1094.1480712890625 1095.219970703125 1095.8560791015625 1097.528076171875 1097.6719970703125 1097.424072265625 1098.1640625
1073.3040771484375 1073.635986328125 1073.8280029296875 1074.8040771484375 1075.947998046875 1079.1640625 1080.18408203125 1081.751953125 1083.028076171875 1083.5679931640625 1085.092041015625 1085.3599853515625 1085.9599609375 1087.092041015625 1087.1839599609375 1087.239990234375 1086.9400634765625 1086.2840576171875 1086.1920166015625 1085.8680419921875 1085.1600341796875 1086.112060546875 1086.6800537109375 1087.280029296875 1087.780029296875 1087.6240234375 1087.156005859375 1086.18798828125 1085.968017578125 1084.35595703125 1080.72802734375 1083.7000732421875 1086.9439697265625 1089.092041015625 1091.0360107421875 1092.280029296875 1093.27197265625 1093.9840087890625 1095.2200927734375 1097.080078125 1098.06396484375 1097.748046875 1097.5 1098.2120361328125
1074.0440673828125 1074.14404296875 1074.4840087890625 1075.2879638671875 1078.0159912109375 1079.2239990234375 1080.68798828125 1081.8280029296875 1081.632080078125 1082.89599609375 1084.0679931640625 1085.3040771484375 1085.9080810546875 1087.27197265625 1087.424072265625 1087.4439697265625 1087.3680419921875 1087.196044921875 1086.800048828125 1085.447998046875 1084.76806640625 1085.028076171875 1085.7640380859375 1086.5040283203125 1087.5999755859375 1087.6480712890625 1087.2840576171875 1087.1480712890625 1087.8759765625 1085.407958984375 1081.9119873046875 1086.5440673828125 1088.1519775390625 1089.4439697265625 1090.916015625 1092.3599853515625 1093.8160400390625 1094.7919921875 1095.3599853515625 1097.1080322265625 1097.5040283203125 1097.5799560546875 1097.7640380859375 1097.916015625
1075.216064453125 1075.4200439453125 1075.7880859375 1076.5760498046875 1078.4840087890625 1078.9920654296875 1079.3800048828125 1081.2320556640625 1082.2559814453125 1082.927978515625 1084 1085.031982421875 1087.072021484375 1087.76806640625 1087.9720458984375 1088.4320068359375 1088.06396484375 1087.8560791015625 1087.427978515625 1085.6640625 1084.7080078125 1084.196044921875 1085.2840576171875 1086.260009765625 1087.8399658203125 1087.8880615234375 1087.27197265625 1087.4600830078125 1087.780029296875 1085.89599609375 1085.2000732421875 1086.8480224609375 1088.280029296875 1089.7120361328125 1091.384033203125 1092.7120361328125 1093.4119873046875 1094.916015625 1094.9920654296875 1096.5360107421875 1097.323974609375 1098.3680419921875 1098.2320556640625 1096.800048828125
