example_models/LFP_synthetic_2D/LFP_DEM.asc
ncols        11
nrows        502
xllcorner    0.000000000000
yllcorner    0.000000000000
cellsize     0.008330000000
NODATA_value  -999
[rows 79 to 157 of 502, columns 0 to 10 of 11]
0.38499999046325684 0.38499999046325684 0.38499999046325684 0.38499999046325684 0.38499999046325684 0.38499999046325684 0.38499999046325684 0.38499999046325684 0.38499999046325684 0.38499999046325684 0.38499999046325684
0.38999998569488525 0.38999998569488525 0.38999998569488525 0.38999998569488525 0.38999998569488525 0.38999998569488525 0.38999998569488525 0.38999998569488525 0.38999998569488525 0.38999998569488525 0.38999998569488525
0.39500001072883606 0.39500001072883606 0.39500001072883606 0.39500001072883606 0.39500001072883606 0.39500001072883606 0.39500001072883606 0.39500001072883606 0.39500001072883606 0.39500001072883606 0.39500001072883606
0.40000000596046448 0.40000000596046448 0.40000000596046448 0.40000000596046448 0.40000000596046448 0.40000000596046448 0.40000000596046448 0.40000000596046448 0.40000000596046448 0.40000000596046448 0.40000000596046448
0.4050000011920929 0.4050000011920929 0.4050000011920929 0.4050000011920929 0.4050000011920929 0.4050000011920929 0.4050000011920929 0.4050000011920929 0.4050000011920929 0.4050000011920929 0.4050000011920929
0.40999999642372131 0.40999999642372131 0.40999999642372131 0.40999999642372131 0.40999999642372131 0.40999999642372131 0.40999999642372131 0.40999999642372131 0.40999999642372131 0.40999999642372131 0.40999999642372131
0.41499999165534973 0.41499999165534973 0.41499999165534973 0.41499999165534973 0.41499999165534973 0.41499999165534973 0.41499999165534973 0.41499999165534973 0.41499999165534973 0.41499999165534973 0.41499999165534973
0.41999998688697815 0.41999998688697815 0.41999998688697815 0.41999998688697815 0.41999998688697815 0.41999998688697815 0.41999998688697815 0.41999998688697815 0.41999998688697815 0.41999998688697815 0.41999998688697815
0.42500001192092896 0.42500001192092896 0.42500001192092896 0.42500001192092896 0.42500001192092896 0.42500001192092896 0.42500001192092896 0.42500001192092896 0.42500001192092896 0.42500001192092896 0.42500001192092896
0.43000000715255737 0.43000000715255737 0.43000000715255737 0.43000000715255737 0.43000000715255737 0.43000000715255737 0.43000000715255737 0.43000000715255737 0.43000000715255737 0.43000000715255737 0.43000000715255737
0.43500000238418579 0.43500000238418579 0.43500000238418579 0.43500000238418579 0.43500000238418579 0.43500000238418579 0.43500000238418579 0.43500000238418579 0.43500000238418579 0.43500000238418579 0.43500000238418579
0.43999999761581421 0.43999999761581421 0.43999999761581421 0.43999999761581421 0.43999999761581421 0.43999999761581421 0.43999999761581421 0.43999999761581421 0.43999999761581421 0.43999999761581421 0.43999999761581421
0.44499999284744263 0.44499999284744263 0.44499999284744263 0.44499999284744263 0.44499999284744263 0.44499999284744263 0.44499999284744263 0.44499999284744263 0.44499999284744263 0.44499999284744263 0.44499999284744263
0.44999998807907104 0.44999998807907104 0.44999998807907104 0.44999998807907104 0.44999998807907104 0.44999998807907104 0.44999998807907104 0.44999998807907104 0.44999998807907104 0.44999998807907104 0.44999998807907104
0.45500001311302185 0.45500001311302185 0.45500001311302185 0.45500001311302185 0.45500001311302185 0.45500001311302185 0.45500001311302185 0.45500001311302185 0.45500001311302185 0.45500001311302185 0.45500001311302185
0.46000000834465027 0.46000000834465027 0.46000000834465027 0.46000000834465027 0.46000000834465027 0.46000000834465027 0.46000000834465027 0.46000000834465027 0.46000000834465027 0.46000000834465027 0.46000000834465027
0.46500000357627869 0.46500000357627869 0.46500000357627869 0.46500000357627869 0.46500000357627869 0.46500000357627869 0.46500000357627869 0.46500000357627869 0.46500000357627869 0.46500000357627869 0.46500000357627869
0.4699999988079071 0.4699999988079071 0.4699999988079071 0.4699999988079071 0.4699999988079071 0.4699999988079071 0.4699999988079071 0.4699999988079071 0.4699999988079071 0.4699999988079071 0.4699999988079071
0.47499999403953552 0.47499999403953552 0.47499999403953552 0.47499999403953552 0.47499999403953552 0.47499999403953552 0.47499999403953552 0.47499999403953552 0.47499999403953552 0.47499999403953552 0.47499999403953552
0.47999998927116394 0.47999998927116394 0.47999998927116394 0.47999998927116394 0.47999998927116394 0.47999998927116394 0.47999998927116394 0.47999998927116394 0.47999998927116394 0.47999998927116394 0.47999998927116394
0.48500001430511475 0.48500001430511475 0.48500001430511475 0.48500001430511475 0.48500001430511475 0.48500001430511475 0.48500001430511475 0.48500001430511475 0.48500001430511475 0.48500001430511475 0.48500001430511475
0.49000000953674316 0.49000000953674316 0.49000000953674316 0.49000000953674316 0.49000000953674316 0.49000000953674316 0.49000000953674316 0.49000000953674316 0.49000000953674316 0.49000000953674316 0.49000000953674316
0.49500000476837158 0.49500000476837158 0.49500000476837158 0.49500000476837158 0.49500000476837158 0.49500000476837158 0.49500000476837158 0.49500000476837158 0.49500000476837158 0.49500000476837158 0.49500000476837158
0.5 0.5 0.5 0.5 0.5 0.5 0.5 0.5 0.5 0.5 0.5
0.50499999523162842 0.50499999523162842 0.50499999523162842 0.50499999523162842 0.50499999523162842 0.50499999523162842 0.50499999523162842 0.50499999523162842 0.50499999523162842 0.50499999523162842 0.50499999523162842
0.50999999046325684 0.50999999046325684 0.50999999046325684 0.50999999046325684 0.50999999046325684 0.50999999046325684 0.50999999046325684 0.50999999046325684 0.50999999046325684 0.50999999046325684 0.50999999046325684
0.51499998569488525 0.51499998569488525 0.51499998569488525 0.51499998569488525 0.51499998569488525 0.51499998569488525 0.51499998569488525 0.51499998569488525 0.51499998569488525 0.51499998569488525 0.51499998569488525
0.51999998092651367 0.51999998092651367 0.51999998092651367 0.51999998092651367 0.51999998092651367 0.51999998092651367 0.51999998092651367 0.51999998092651367 0.51999998092651367 0.51999998092651367 0.51999998092651367
0.52499997615814209 0.52499997615814209 0.52499997615814209 0.52499997615814209 0.52499997615814209 0.52499997615814209 0.52499997615814209 0.52499997615814209 0.52499997615814209 0.52499997615814209 0.52499997615814209
0.52999997138977051 0.52999997138977051 0.52999997138977051 0.52999997138977051 0.52999997138977051 0.52999997138977051 0.52999997138977051 0.52999997138977051 0.52999997138977051 0.52999997138977051 0.52999997138977051
0.5350000262260437 0.5350000262260437 0.5350000262260437 0.5350000262260437 0.5350000262260437 0.5350000262260437 0.5350000262260437 0.5350000262260437 0.5350000262260437 0.5350000262260437 0.5350000262260437
0.54000002145767212 0.54000002145767212 0.54000002145767212 0.54000002145767212 0.54000002145767212 0.54000002145767212 0.54000002145767212 0.54000002145767212 0.54000002145767212 0.54000002145767212 0.54000002145767212
0.54500001668930054 0.54500001668930054 0.54500001668930054 0.54500001668930054 0.54500001668930054 0.54500001668930054 0.54500001668930054 0.54500001668930054 0.54500001668930054 0.54500001668930054 0.54500001668930054
0.55000001192092896 0.55000001192092896 0.55000001192092896 0.55000001192092896 0.55000001192092896 0.55000001192092896 0.55000001192092896 0.55000001192092896 0.55000001192092896 0.55000001192092896 0.55000001192092896
0.55500000715255737 0.55500000715255737 0.55500000715255737 0.55500000715255737 0.55500000715255737 0.55500000715255737 0.55500000715255737 0.55500000715255737 0.55500000715255737 0.55500000715255737 0.55500000715255737
0.56000000238418579 0.56000000238418579 0.56000000238418579 0.56000000238418579 0.56000000238418579 0.56000000238418579 0.56000000238418579 0.56000000238418579 0.56000000238418579 0.56000000238418579 0.56000000238418579
0.56499999761581421 0.56499999761581421 0.56499999761581421 0.56499999761581421 0.56499999761581421 0.56499999761581421 0.56499999761581421 0.56499999761581421 0.56499999761581421 0.56499999761581421 0.56499999761581421
0.56999999284744263 0.56999999284744263 0.56999999284744263 0.56999999284744263 0.56999999284744263 0.56999999284744263 0.56999999284744263 0.56999999284744263 0.56999999284744263 0.56999999284744263 0.56999999284744263
0.57499998807907104 0.57499998807907104 0.57499998807907104 0.57499998807907104 0.57499998807907104 0.57499998807907104 0.57499998807907104 0.57499998807907104 0.57499998807907104 0.57499998807907104 0.57499998807907104
0.57999998331069946 0.57999998331069946 0.57999998331069946 0.57999998331069946 0.57999998331069946 0.57999998331069946 0.57999998331069946 0.57999998331069946 0.57999998331069946 0.57999998331069946 0.57999998331069946
0.58499997854232788 0.58499997854232788 0.58499997854232788 0.58499997854232788 0.58499997854232788 0.58499997854232788 0.58499997854232788 0.58499997854232788 0.58499997854232788 0.58499997854232788 0.58499997854232788
0.5899999737739563 0.5899999737739563 0.5899999737739563 0.5899999737739563 0.5899999737739563 0.5899999737739563 0.5899999737739563 0.5899999737739563 0.5899999737739563 0.5899999737739563 0.5899999737739563
0.59500002861022949 0.59500002861022949 0.59500002861022949 0.59500002861022949 0.59500002861022949 0.59500002861022949 0.59500002861022949 0.59500002861022949 0.59500002861022949 0.59500002861022949 0.59500002861022949
0.60000002384185791 0.60000002384185791 0.60000002384185791 0.60000002384185791 0.60000002384185791 0.60000002384185791 0.60000002384185791 0.60000002384185791 0.60000002384185791 0.60000002384185791 0.60000002384185791
0.60500001907348633 0.60500001907348633 0.60500001907348633 0.60500001907348633 0.60500001907348633 0.60500001907348633 0.60500001907348633 0.60500001907348633 0.60500001907348633 0.60500001907348633 0.60500001907348633
0.61000001430511475 0.61000001430511475 0.61000001430511475 0.61000001430511475 0.61000001430511475 0.61000001430511475 0.61000001430511475 0.61000001430511475 0.61000001430511475 0.61000001430511475 0.61000001430511475
0.61500000953674316 0.61500000953674316 0.61500000953674316 0.61500000953674316 0.61500000953674316 0.61500000953674316 0.61500000953674316 0.61500000953674316 0.61500000953674316 0.61500000953674316 0.61500000953674316
0.62000000476837158 0.62000000476837158 0.62000000476837158 0.62000000476837158 0.62000000476837158 0.62000000476837158 0.62000000476837158 0.62000000476837158 0.62000000476837158 0.62000000476837158 0.62000000476837158
0.625 0.625 0.625 0.625 0.625 0.625 0.625 0.625 0.625 0.625 0.625
0.62999999523162842 0.62999999523162842 0.62999999523162842 0.62999999523162842 0.62999999523162842 0.62999999523162842 0.62999999523162842 0.62999999523162842 0.62999999523162842 0.62999999523162842 0.62999999523162842
0.63499999046325684 0.63499999046325684 0.63499999046325684 0.63499999046325684 0.63499999046325684 0.63499999046325684 0.63499999046325684 0.63499999046325684 0.63499999046325684 0.63499999046325684 0.63499999046325684
0.63999998569488525 0.63999998569488525 0.63999998569488525 0.63999998569488525 0.63999998569488525 0.63999998569488525 0.63999998569488525 0.63999998569488525 0.63999998569488525 0.63999998569488525 0.63999998569488525
0.64499998092651367 0.64499998092651367 0.64499998092651367 0.64499998092651367 0.64499998092651367 0.64499998092651367 0.64499998092651367 0.64499998092651367 0.64499998092651367 0.64499998092651367 0.64499998092651367
0.64999997615814209 0.64999997615814209 0.64999997615814209 0.64999997615814209 0.64999997615814209 0.64999997615814209 0.64999997615814209 0.64999997615814209 0.64999997615814209 0.64999997615814209 0.64999997615814209
0.65499997138977051 0.65499997138977051 0.65499997138977051 0.65499997138977051 0.65499997138977051 0.65499997138977051 0.65499997138977051 0.65499997138977051 0.65499997138977051 0.65499997138977051 0.65499997138977051
0.6600000262260437 0.6600000262260437 0.6600000262260437 0.6600000262260437 0.6600000262260437 0.6600000262260437 0.6600000262260437 0.6600000262260437 0.6600000262260437 0.6600000262260437 0.6600000262260437
0.66500002145767212 0.66500002145767212 0.66500002145767212 0.66500002145767212 0.66500002145767212 0.66500002145767212 0.66500002145767212 0.66500002145767212 0.66500002145767212 0.66500002145767212 0.66500002145767212
0.67000001668930054 0.67000001668930054 0.67000001668930054 0.67000001668930054 0.67000001668930054 0.67000001668930054 0.67000001668930054 0.67000001668930054 0.67000001668930054 0.67000001668930054 0.67000001668930054
0.67500001192092896 0.67500001192092896 0.67500001192092896 0.67500001192092896 0.67500001192092896 0.67500001192092896 0.67500001192092896 0.67500001192092896 0.67500001192092896 0.67500001192092896 0.67500001192092896
0.68000000715255737 0.68000000715255737 0.68000000715255737 0.68000000715255737 0.68000000715255737 0.68000000715255737 0.68000000715255737 0.68000000715255737 0.68000000715255737 0.68000000715255737 0.68000000715255737
0.68500000238418579 0.68500000238418579 0.68500000238418579 0.68500000238418579 0.68500000238418579 0.68500000238418579 0.68500000238418579 0.68500000238418579 0.68500000238418579 0.68500000238418579 0.68500000238418579
0.68999999761581421 0.68999999761581421 0.68999999761581421 0.68999999761581421 0.68999999761581421 0.68999999761581421 0.68999999761581421 0.68999999761581421 0.68999999761581421 0.68999999761581421 0.68999999761581421
0.69499999284744263 0.69499999284744263 0.69499999284744263 0.69499999284744263 0.69499999284744263 0.69499999284744263 0.69499999284744263 0.69499999284744263 0.69499999284744263 0.69499999284744263 0.69499999284744263
0.69999998807907104 0.69999998807907104 0.69999998807907104 0.69999998807907104 0.69999998807907104 0.69999998807907104 0.69999998807907104 0.69999998807907104 0.69999998807907104 0.69999998807907104 0.69999998807907104
0.70499998331069946 0.70499998331069946 0.70499998331069946 0.70499998331069946 0.70499998331069946 0.70499998331069946 0.70499998331069946 0.70499998331069946 0.70499998331069946 0.70499998331069946 0.70499998331069946
0.70999997854232788 0.70999997854232788 0.70999997854232788 0.70999997854232788 0.70999997854232788 0.70999997854232788 0.70999997854232788 0.70999997854232788 0.70999997854232788 0.70999997854232788 0.70999997854232788
0.7149999737739563 0.7149999737739563 0.7149999737739563 0.7149999737739563 0.7149999737739563 0.7149999737739563 0.7149999737739563 0.7149999737739563 0.7149999737739563 0.7149999737739563 0.7149999737739563
0.72000002861022949 0.72000002861022949 0.72000002861022949 0.72000002861022949 0.72000002861022949 0.72000002861022949 0.72000002861022949 0.72000002861022949 0.72000002861022949 0.72000002861022949 0.72000002861022949
0.72500002384185791 0.72500002384185791 0.72500002384185791 0.72500002384185791 0.72500002384185791 0.72500002384185791 0.72500002384185791 0.72500002384185791 0.72500002384185791 0.72500002384185791 0.72500002384185791
0.73000001907348633 0.73000001907348633 0.73000001907348633 0.73000001907348633 0.73000001907348633 0.73000001907348633 0.73000001907348633 0.73000001907348633 0.73000001907348633 0.73000001907348633 0.73000001907348633
0.73500001430511475 0.73500001430511475 0.73500001430511475 0.73500001430511475 0.73500001430511475 0.73500001430511475 0.73500001430511475 0.73500001430511475 0.73500001430511475 0.73500001430511475 0.73500001430511475
0.74000000953674316 0.74000000953674316 0.74000000953674316 0.74000000953674316 0.74000000953674316 0.74000000953674316 0.74000000953674316 0.74000000953674316 0.74000000953674316 0.74000000953674316 0.74000000953674316
0.74500000476837158 0.74500000476837158 0.74500000476837158 0.74500000476837158 0.74500000476837158 0.74500000476837158 0.74500000476837158 0.74500000476837158 0.74500000476837158 0.74500000476837158 0.74500000476837158
0.75 0.75 0.75 0.75 0.75 0.75 0.75 0.75 0.75 0.75 0.75
0.75499999523162842 0.75499999523162842 0.75499999523162842 0.75499999523162842 0.75499999523162842 0.75499999523162842 0.75499999523162842 0.75499999523162842 0.75499999523162842 0.75499999523162842 0.75499999523162842
0.75999999046325684 0.75999999046325684 0.75999999046325684 0.75999999046325684 0.75999999046325684 0.75999999046325684 0.75999999046325684 0.75999999046325684 0.75999999046325684 0.75999999046325684 0.75999999046325684
0.76499998569488525 0.76499998569488525 0.76499998569488525 0.76499998569488525 0.76499998569488525 0.76499998569488525 0.76499998569488525 0.76499998569488525 0.76499998569488525 0.76499998569488525 0.76499998569488525
0.76999998092651367 0.76999998092651367 0.76999998092651367 0.76999998092651367 0.76999998092651367 0.76999998092651367 0.76999998092651367 0.76999998092651367 0.76999998092651367 0.76999998092651367 0.76999998092651367
0.77499997615814209 0.77499997615814209 0.77499997615814209 0.77499997615814209 0.77499997615814209 0.77499997615814209 0.77499997615814209 0.77499997615814209 0.77499997615814209 0.77499997615814209 0.77499997615814209
