example_models/LFP_synthetic_2D/LFP_DEM.asc
ncols        11
nrows        502
xllcorner    0.000000000000
yllcorner    0.000000000000
cellsize     0.008330000000
NODATA_value  -999
[rows 158 to 236 of 502, columns 0 to 10 of 11]
0.77999997138977051 0.77999997138977051 0.77999997138977051 0.77999997138977051 0.77999997138977051 0.77999997138977051 0.77999997138977051 0.77999997138977051 0.77999997138977051 0.77999997138977051 0.77999997138977051
0.7850000262260437 0.7850000262260437 0.7850000262260437 0.7850000262260437 0.7850000262260437 0.7850000262260437 0.7850000262260437 0.7850000262260437 0.7850000262260437 0.7850000262260437 0.7850000262260437
0.79000002145767212 0.79000002145767212 0.79000002145767212 0.79000002145767212 0.79000002145767212 0.79000002145767212 0.79000002145767212 0.79000002145767212 0.79000002145767212 0.79000002145767212 0.79000002145767212
0.79500001668930054 0.79500001668930054 0.79500001668930054 0.79500001668930054 0.79500001668930054 0.79500001668930054 0.79500001668930054 0.79500001668930054 0.79500001668930054 0.79500001668930054 0.79500001668930054
0.80000001192092896 0.80000001192092896 0.80000001192092896 0.80000001192092896 0.80000001192092896 0.80000001192092896 0.80000001192092896 0.80000001192092896 0.80000001192092896 0.80000001192092896 0.80000001192092896
0.80500000715255737 0.80500000715255737 0.80500000715255737 0.80500000715255737 0.80500000715255737 0.80500000715255737 0.80500000715255737 0.80500000715255737 0.80500000715255737 0.80500000715255737 0.80500000715255737
0.81000000238418579 0.81000000238418579 0.81000000238418579 0.81000000238418579 0.81000000238418579 0.81000000238418579 0.81000000238418579 0.81000000238418579 0.81000000238418579 0.81000000238418579 0.81000000238418579
0.81499999761581421 0.81499999761581421 0.81499999761581421 0.81499999761581421 0.81499999761581421 0.81499999761581421 0.81499999761581421 0.81499999761581421 0.81499999761581421 0.81499999761581421 0.81499999761581421
0.81999999284744263 0.81999999284744263 0.81999999284744263 0.81999999284744263 0.81999999284744263 0.81999999284744263 0.81999999284744263 0.81999999284744263 0.81999999284744263 0.81999999284744263 0.81999999284744263
0.82499998807907104 0.82499998807907104 0.82499998807907104 0.82499998807907104 0.82499998807907104 0.82499998807907104 0.82499998807907104 0.82499998807907104 0.82499998807907104 0.82499998807907104 0.82499998807907104
0.82999998331069946 0.82999998331069946 0.82999998331069946 0.82999998331069946 0.82999998331069946 0.82999998331069946 0.82999998331069946 0.82999998331069946 0.82999998331069946 0.82999998331069946 0.82999998331069946
0.83499997854232788 0.83499997854232788 0.83499997854232788 0.83499997854232788 0.83499997854232788 0.83499997854232788 0.83499997854232788 0.83499997854232788 0.83499997854232788 0.83499997854232788 0.83499997854232788
0.8399999737739563 0.8399999737739563 0.8399999737739563 0.8399999737739563 0.8399999737739563 0.8399999737739563 0.8399999737739563 0.8399999737739563 0.8399999737739563 0.8399999737739563 0.8399999737739563
0.84500002861022949 0.84500002861022949 0.84500002861022949 0.84500002861022949 0.84500002861022949 0.84500002861022949 0.84500002861022949 0.84500002861022949 0.84500002861022949 0.84500002861022949 0.84500002861022949
0.85000002384185791 0.85000002384185791 0.85000002384185791 0.85000002384185791 0.85000002384185791 0.85000002384185791 0.85000002384185791 0.85000002384185791 0.85000002384185791 0.85000002384185791 0.85000002384185791
0.85500001907348633 0.85500001907348633 0.85500001907348633 0.85500001907348633 0.85500001907348633 0.85500001907348633 0.85500001907348633 0.85500001907348633 0.85500001907348633 0.85500001907348633 0.85500001907348633
0.86000001430511475 0.86000001430511475 0.86000001430511475 0.86000001430511475 0.86000001430511475 0.86000001430511475 0.86000001430511475 0.86000001430511475 0.86000001430511475 0.86000001430511475 0.86000001430511475
0.86500000953674316 0.86500000953674316 0.86500000953674316 0.86500000953674316 0.86500000953674316 0.86500000953674316 0.86500000953674316 0.86500000953674316 0.86500000953674316 0.86500000953674316 0.86500000953674316
0.87000000476837158 0.87000000476837158 0.87000000476837158 0.87000000476837158 0.87000000476837158 0.87000000476837158 0.87000000476837158 0.87000000476837158 0.87000000476837158 0.87000000476837158 0.87000000476837158
0.875 0.875 0.875 0.875 0.875 0.875 0.875 0.875 0.875 0.875 0.875
0.87999999523162842 0.87999999523162842 0.87999999523162842 0.87999999523162842 0.87999999523162842 0.87999999523162842 0.87999999523162842 0.87999999523162842 0.87999999523162842 0.87999999523162842 0.87999999523162842
0.88499999046325684 0.88499999046325684 0.88499999046325684 0.88499999046325684 0.88499999046325684 0.88499999046325684 0.88499999046325684 0.88499999046325684 0.88499999046325684 0.88499999046325684 0.88499999046325684
0.88999998569488525 0.88999998569488525 0.88999998569488525 0.88999998569488525 0.88999998569488525 0.88999998569488525 0.88999998569488525 0.88999998569488525 0.88999998569488525 0.88999998569488525 0.88999998569488525
0.89499998092651367 0.89499998092651367 0.89499998092651367 0.89499998092651367 0.89499998092651367 0.89499998092651367 0.89499998092651367 0.89499998092651367 0.89499998092651367 0.89499998092651367 0.89499998092651367
0.89999997615814209 0.89999997615814209 0.89999997615814209 0.89999997615814209 0.89999997615814209 0.89999997615814209 0.89999997615814209 0.89999997615814209 0.89999997615814209 0.89999997615814209 0.89999997615814209
0.90499997138977051 0.90499997138977051 0.90499997138977051 0.90499997138977051 0.90499997138977051 0.90499997138977051 0.90499997138977051 0.90499997138977051 0.90499997138977051 0.90499997138977051 0.90499997138977051
0.9100000262260437 0.9100000262260437 0.9100000262260437 0.9100000262260437 0.9100000262260437 0.9100000262260437 0.9100000262260437 0.9100000262260437 0.9100000262260437 0.9100000262260437 0.9100000262260437
0.91500002145767212 0.91500002145767212 0.91500002145767212 0.91500002145767212 0.91500002145767212 0.91500002145767212 0.91500002145767212 0.91500002145767212 0.91500002145767212 0.91500002145767212 0.91500002145767212
0.92000001668930054 0.92000001668930054 0.92000001668930054 0.92000001668930054 0.92000001668930054 0.92000001668930054 0.92000001668930054 0.92000001668930054 0.92000001668930054 0.92000001668930054 0.92000001668930054
0.92500001192092896 0.92500001192092896 0.92500001192092896 0.92500001192092896 0.92500001192092896 0.92500001192092896 0.92500001192092896 0.92500001192092896 0.92500001192092896 0.92500001192092896 0.92500001192092896
0.93000000715255737 0.93000000715255737 0.93000000715255737 0.93000000715255737 0.93000000715255737 0.93000000715255737 0.93000000715255737 0.93000000715255737 0.93000000715255737 0.93000000715255737 0.93000000715255737
0.93500000238418579 0.93500000238418579 0.93500000238418579 0.93500000238418579 0.93500000238418579 0.93500000238418579 0.93500000238418579 0.93500000238418579 0.93500000238418579 0.93500000238418579 0.93500000238418579
0.93999999761581421 0.93999999761581421 0.93999999761581421 0.93999999761581421 0.93999999761581421 0.93999999761581421 0.93999999761581421 0.93999999761581421 0.93999999761581421 0.93999999761581421 0.93999999761581421
0.94499999284744263 0.94499999284744263 0.94499999284744263 0.94499999284744263 0.94499999284744263 0.94499999284744263 0.94499999284744263 0.94499999284744263 0.94499999284744263 0.94499999284744263 0.94499999284744263
0.94999998807907104 0.94999998807907104 0.94999998807907104 0.94999998807907104 0.94999998807907104 0.94999998807907104 0.94999998807907104 0.94999998807907104 0.94999998807907104 0.94999998807907104 0.94999998807907104
0.95499998331069946 0.95499998331069946 0.95499998331069946 0.95499998331069946 0.95499998331069946 0.95499998331069946 0.95499998331069946 0.95499998331069946 0.95499998331069946 0.95499998331069946 0.95499998331069946
0.95999997854232788 0.95999997854232788 0.95999997854232788 0.95999997854232788 0.95999997854232788 0.95999997854232788 0.95999997854232788 0.95999997854232788 0.95999997854232788 0.95999997854232788 0.95999997854232788
0.9649999737739563 0.9649999737739563 0.9649999737739563 0.9649999737739563 0.9649999737739563 0.9649999737739563 0.9649999737739563 0.9649999737739563 0.9649999737739563 0.9649999737739563 0.9649999737739563
0.97000002861022949 0.97000002861022949 0.97000002861022949 0.97000002861022949 0.97000002861022949 0.97000002861022949 0.97000002861022949 0.97000002861022949 0.97000002861022949 0.97000002861022949 0.97000002861022949
0.97500002384185791 0.97500002384185791 0.97500002384185791 0.97500002384185791 0.97500002384185791 0.97500002384185791 0.97500002384185791 0.97500002384185791 0.97500002384185791 0.97500002384185791 0.97500002384185791
0.98000001907348633 0.98000001907348633 0.98000001907348633 0.98000001907348633 0.98000001907348633 0.98000001907348633 0.98000001907348633 0.98000001907348633 0.98000001907348633 0.98000001907348633 0.98000001907348633
0.98500001430511475 0.98500001430511475 0.98500001430511475 0.98500001430511475 0.98500001430511475 0.98500001430511475 0.98500001430511475 0.98500001430511475 0.98500001430511475 0.98500001430511475 0.98500001430511475
0.99000000953674316 0.99000000953674316 0.99000000953674316 0.99000000953674316 0.99000000953674316 0.99000000953674316 0.99000000953674316 0.99000000953674316 0.99000000953674316 0.99000000953674316 0.99000000953674316
0.99500000476837158 0.99500000476837158 0.99500000476837158 0.99500000476837158 0.99500000476837158 0.99500000476837158 0.99500000476837158 0.99500000476837158 0.99500000476837158 0.99500000476837158 0.99500000476837158
1 1 1 1 1 1 1 1 1 1 1
1.0049999952316284 1.0049999952316284 1.0049999952316284 1.0049999952316284 1.0049999952316284 1.0049999952316284 1.0049999952316284 1.0049999952316284 1.0049999952316284 1.0049999952316284 1.0049999952316284
1.0099999904632568 1.0099999904632568 1.0099999904632568 1.0099999904632568 1.0099999904632568 1.0099999904632568 1.0099999904632568 1.0099999904632568 1.0099999904632568 1.0099999904632568 1.0099999904632568
1.0149999856948853 1.0149999856948853 1.0149999856948853 1.0149999856948853 1.0149999856948853 1.0149999856948853 1.0149999856948853 1.0149999856948853 1.0149999856948853 1.0149999856948853 1.0149999856948853
1.0199999809265137 1.0199999809265137 1.0199999809265137 1.0199999809265137 1.0199999809265137 1.0199999809265137 1.0199999809265137 1.0199999809265137 1.0199999809265137 1.0199999809265137 1.0199999809265137
1.0249999761581421 1.0249999761581421 1.0249999761581421 1.0249999761581421 1.0249999761581421 1.0249999761581421 1.0249999761581421 1.0249999761581421 1.0249999761581421 1.0249999761581421 1.0249999761581421
1.0299999713897705 1.0299999713897705 1.0299999713897705 1.0299999713897705 1.0299999713897705 1.0299999713897705 1.0299999713897705 1.0299999713897705 1.0299999713897705 1.0299999713897705 1.0299999713897705
1.0349999666213989 1.0349999666213989 1.0349999666213989 1.0349999666213989 1.0349999666213989 1.0349999666213989 1.0349999666213989 1.0349999666213989 1.0349999666213989 1.0349999666213989 1.0349999666213989
1.0399999618530273 1.0399999618530273 1.0399999618530273 1.0399999618530273 1.0399999618530273 1.0399999618530273 1.0399999618530273 1.0399999618530273 1.0399999618530273 1.0399999618530273 1.0399999618530273
1.0449999570846558 1.0449999570846558 1.0449999570846558 1.0449999570846558 1.0449999570846558 1.0449999570846558 1.0449999570846558 1.0449999570846558 1.0449999570846558 1.0449999570846558 1.0449999570846558
1.0499999523162842 1.0499999523162842 1.0499999523162842 1.0499999523162842 1.0499999523162842 1.0499999523162842 1.0499999523162842 1.0499999523162842 1.0499999523162842 1.0499999523162842 1.0499999523162842
1.0549999475479126 1.0549999475479126 1.0549999475479126 1.0549999475479126 1.0549999475479126 1.0549999475479126 1.0549999475479126 1.0549999475479126 1.0549999475479126 1.0549999475479126 1.0549999475479126
1.059999942779541 1.059999942779541 1.059999942779541 1.059999942779541 1.059999942779541 1.059999942779541 1.059999942779541 1.059999942779541 1.059999942779541 1.059999942779541 1.059999942779541
1.065000057220459 1.065000057220459 1.065000057220459 1.065000057220459 1.065000057220459 1.065000057220459 1.065000057220459 1.065000057220459 1.065000057220459 1.065000057220459 1.065000057220459
1.0700000524520874 1.0700000524520874 1.0700000524520874 1.0700000524520874 1.0700000524520874 1.0700000524520874 1.0700000524520874 1.0700000524520874 1.0700000524520874 1.0700000524520874 1.0700000524520874
1.0750000476837158 1.0750000476837158 1.0750000476837158 1.0750000476837158 1.0750000476837158 1.0750000476837158 1.0750000476837158 1.0750000476837158 1.0750000476837158 1.0750000476837158 1.0750000476837158
1.0800000429153442 1.0800000429153442 1.0800000429153442 1.0800000429153442 1.0800000429153442 1.0800000429153442 1.0800000429153442 1.0800000429153442 1.0800000429153442 1.0800000429153442 1.0800000429153442
1.0850000381469727 1.0850000381469727 1.0850000381469727 1.0850000381469727 1.0850000381469727 1.0850000381469727 1.0850000381469727 1.0850000381469727 1.0850000381469727 1.0850000381469727 1.0850000381469727
1.0900000333786011 1.0900000333786011 1.0900000333786011 1.0900000333786011 1.0900000333786011 1.0900000333786011 1.0900000333786011 1.0900000333786011 1.0900000333786011 1.0900000333786011 1.0900000333786011
1.0950000286102295 1.0950000286102295 1.0950000286102295 1.0950000286102295 1.0950000286102295 1.0950000286102295 1.0950000286102295 1.0950000286102295 1.0950000286102295 1.0950000286102295 1.0950000286102295
1.1000000238418579 1.1000000238418579 1.1000000238418579 1.1000000238418579 1.1000000238418579 1.1000000238418579 1.1000000238418579 1.1000000238418579 1.1000000238418579 1.1000000238418579 1.1000000238418579
1.1050000190734863 1.1050000190734863 1.1050000190734863 1.1050000190734863 1.1050000190734863 1.1050000190734863 1.1050000190734863 1.1050000190734863 1.1050000190734863 1.1050000190734863 1.1050000190734863
1.1100000143051147 1.1100000143051147 1.1100000143051147 1.1100000143051147 1.1100000143051147 1.1100000143051147 1.1100000143051147 1.1100000143051147 1.1100000143051147 1.1100000143051147 1.1100000143051147
1.1150000095367432 1.1150000095367432 1.1150000095367432 1.1150000095367432 1.1150000095367432 1.1150000095367432 1.1150000095367432 1.1150000095367432 1.1150000095367432 1.1150000095367432 1.1150000095367432
1.1200000047683716 1.1200000047683716 1.1200000047683716 1.1200000047683716 1.1200000047683716 1.1200000047683716 1.1200000047683716 1.1200000047683716 1.1200000047683716 1.1200000047683716 1.1200000047683716
1.125 1.125 1.125 1.125 1.125 1.125 1.125 1.125 1.125 1.125 1.125
1.1299999952316284 1.1299999952316284 1.1299999952316284 1.1299999952316284 1.1299999952316284 1.1299999952316284 1.1299999952316284 1.1299999952316284 1.1299999952316284 1.1299999952316284 1.1299999952316284
1.1349999904632568 1.1349999904632568 1.1349999904632568 1.1349999904632568 1.1349999904632568 1.1349999904632568 1.1349999904632568 1.1349999904632568 1.1349999904632568 1.1349999904632568 1.1349999904632568
1.1399999856948853 1.1399999856948853 1.1399999856948853 1.1399999856948853 1.1399999856948853 1.1399999856948853 1.1399999856948853 1.1399999856948853 1.1399999856948853 1.1399999856948853 1.1399999856948853
1.1449999809265137 1.1449999809265137 1.1449999809265137 1.1449999809265137 1.1449999809265137 1.1449999809265137 1.1449999809265137 1.1449999809265137 1.1449999809265137 1.1449999809265137 1.1449999809265137
1.1499999761581421 1.1499999761581421 1.1499999761581421 1.1499999761581421 1.1499999761581421 1.1499999761581421 1.1499999761581421 1.1499999761581421 1.1499999761581421 1.1499999761581421 1.1499999761581421
1.1549999713897705 1.1549999713897705 1.1549999713897705 1.1549999713897705 1.1549999713897705 1.1549999713897705 1.1549999713897705 1.1549999713897705 1.1549999713897705 1.1549999713897705 1.1549999713897705
1.1599999666213989 1.1599999666213989 1.1599999666213989 1.1599999666213989 1.1599999666213989 1.1599999666213989 1.1599999666213989 1.1599999666213989 1.1599999666213989 1.1599999666213989 1.1599999666213989
1.1649999618530273 1.1649999618530273 1.1649999618530273 1.1649999618530273 1.1649999618530273 1.1649999618530273 1.1649999618530273 1.1649999618530273 1.1649999618530273 1.1649999618530273 1.1649999618530273
1.1699999570846558 1.1699999570846558 1.1699999570846558 1.1699999570846558 1.1699999570846558 1.1699999570846558 1.1699999570846558 1.1699999570846558 1.1699999570846558 1.1699999570846558 1.1699999570846558
