example_models/LFP_synthetic_2D/LFP_DEM.asc
ncols        11
nrows        502
xllcorner    0.000000000000
yllcorner    0.000000000000
cellsize     0.008330000000
NODATA_value  -999
[rows 237 to 315 of 502, columns 0 to 10 of 11]
1.1749999523162842 1.1749999523162842 1.1749999523162842 1.1749999523162842 1.1749999523162842 1.1749999523162842 1.1749999523162842 1.1749999523162842 1.1749999523162842 1.1749999523162842 1.1749999523162842
1.1799999475479126 1.1799999475479126 1.1799999475479126 1.1799999475479126 1.1799999475479126 1.1799999475479126 1.1799999475479126 1.1799999475479126 1.1799999475479126 1.1799999475479126 1.1799999475479126
1.184999942779541 1.184999942779541 1.184999942779541 1.184999942779541 1.184999942779541 1.184999942779541 1.184999942779541 1.184999942779541 1.184999942779541 1.184999942779541 1.184999942779541
1.190000057220459 1.190000057220459 1.190000057220459 1.190000057220459 1.190000057220459 1.190000057220459 1.190000057220459 1.190000057220459 1.190000057220459 1.190000057220459 1.190000057220459
1.1950000524520874 1.1950000524520874 1.1950000524520874 1.1950000524520874 1.1950000524520874 1.1950000524520874 1.1950000524520874 1.1950000524520874 1.1950000524520874 1.1950000524520874 1.1950000524520874
1.2000000476837158 1.2000000476837158 1.2000000476837158 1.2000000476837158 1.2000000476837158 1.2000000476837158 1.2000000476837158 1.2000000476837158 1.2000000476837158 1.2000000476837158 1.2000000476837158
1.2050000429153442 1.2050000429153442 1.2050000429153442 1.2050000429153442 1.2050000429153442 1.2050000429153442 1.2050000429153442 1.2050000429153442 1.2050000429153442 1.2050000429153442 1.2050000429153442
1.2100000381469727 1.2100000381469727 1.2100000381469727 1.2100000381469727 1.2100000381469727 1.2100000381469727 1.2100000381469727 1.2100000381469727 1.2100000381469727 1.2100000381469727 1.2100000381469727
1.2150000333786011 1.2150000333786011 1.2150000333786011 1.2150000333786011 1.2150000333786011 1.2150000333786011 1.2150000333786011 1.2150000333786011 1.2150000333786011 1.2150000333786011 1.2150000333786011
1.2200000286102295 1.2200000286102295 1.2200000286102295 1.2200000286102295 1.2200000286102295 1.2200000286102295 1.2200000286102295 1.2200000286102295 1.2200000286102295 1.2200000286102295 1.2200000286102295
1.2250000238418579 1.2250000238418579 1.2250000238418579 1.2250000238418579 1.2250000238418579 1.2250000238418579 1.2250000238418579 1.2250000238418579 1.2250000238418579 1.2250000238418579 1.2250000238418579
1.2300000190734863 1.2300000190734863 1.2300000190734863 1.2300000190734863 1.2300000190734863 1.2300000190734863 1.2300000190734863 1.2300000190734863 1.2300000190734863 1.2300000190734863 1.2300000190734863
1.2350000143051147 1.2350000143051147 1.2350000143051147 1.2350000143051147 1.2350000143051147 1.2350000143051147 1.2350000143051147 1.2350000143051147 1.2350000143051147 1.2350000143051147 1.2350000143051147
1.2400000095367432 1.2400000095367432 1.2400000095367432 1.2400000095367432 1.2400000095367432 1.2400000095367432 1.2400000095367432 1.2400000095367432 1.2400000095367432 1.2400000095367432 1.2400000095367432
1.2450000047683716 1.2450000047683716 1.2450000047683716 1.2450000047683716 1.2450000047683716 1.2450000047683716 1.2450000047683716 1.2450000047683716 1.2450000047683716 1.2450000047683716 1.2450000047683716
1.25 1.25 1.25 1.25 1.25 1.25 1.25 1.25 1.25 1.25 1.25
1.2549999952316284 1.2549999952316284 1.2549999952316284 1.2549999952316284 1.2549999952316284 1.2549999952316284 1.2549999952316284 1.2549999952316284 1.2549999952316284 1.2549999952316284 1.2549999952316284
1.2599999904632568 1.2599999904632568 1.2599999904632568 1.2599999904632568 1.2599999904632568 1.2599999904632568 1.2599999904632568 1.2599999904632568 1.2599999904632568 1.2599999904632568 1.2599999904632568
1.2649999856948853 1.2649999856948853 1.2649999856948853 1.2649999856948853 1.2649999856948853 1.2649999856948853 1.2649999856948853 1.2649999856948853 1.2649999856948853 1.2649999856948853 1.2649999856948853
1.2699999809265137 1.2699999809265137 1.2699999809265137 1.2699999809265137 1.2699999809265137 1.2699999809265137 1.2699999809265137 1.2699999809265137 1.2699999809265137 1.2699999809265137 1.2699999809265137
1.2749999761581421 1.2749999761581421 1.2749999761581421 1.2749999761581421 1.2749999761581421 1.2749999761581421 1.2749999761581421 1.2749999761581421 1.2749999761581421 1.2749999761581421 1.2749999761581421
1.2799999713897705 1.2799999713897705 1.2799999713897705 1.2799999713897705 1.2799999713897705 1.2799999713897705 1.2799999713897705 1.2799999713897705 1.2799999713897705 1.2799999713897705 1.2799999713897705
1.2849999666213989 1.2849999666213989 1.2849999666213989 1.2849999666213989 1.2849999666213989 1.2849999666213989 1.2849999666213989 1.2849999666213989 1.2849999666213989 1.2849999666213989 1.2849999666213989
1.2899999618530273 1.2899999618530273 1.2899999618530273 1.2899999618530273 1.2899999618530273 1.2899999618530273 1.2899999618530273 1.2899999618530273 1.2899999618530273 1.2899999618530273 1.2899999618530273
1.2949999570846558 1.2949999570846558 1.2949999570846558 1.2949999570846558 1.2949999570846558 1.2949999570846558 1.2949999570846558 1.2949999570846558 1.2949999570846558 1.2949999570846558 1.2949999570846558
1.2999999523162842 1.2999999523162842 1.2999999523162842 1.2999999523162842 1.2999999523162842 1.2999999523162842 1.2999999523162842 1.2999999523162842 1.2999999523162842 1.2999999523162842 1.2999999523162842
1.3049999475479126 1.3049999475479126 1.3049999475479126 1.3049999475479126 1.3049999475479126 1.3049999475479126 1.3049999475479126 1.3049999475479126 1.3049999475479126 1.3049999475479126 1.3049999475479126
1.309999942779541 1.309999942779541 1.309999942779541 1.309999942779541 1.309999942779541 1.309999942779541 1.309999942779541 1.309999942779541 1.309999942779541 1.309999942779541 1.309999942779541
1.315000057220459 1.315000057220459 1.315000057220459 1.315000057220459 1.315000057220459 1.315000057220459 1.315000057220459 1.315000057220459 1.315000057220459 1.315000057220459 1.315000057220459
1.3200000524520874 1.3200000524520874 1.3200000524520874 1.3200000524520874 1.3200000524520874 1.3200000524520874 1.3200000524520874 1.3200000524520874 1.3200000524520874 1.3200000524520874 1.3200000524520874
1.3250000476837158 1.3250000476837158 1.3250000476837158 1.3250000476837158 1.3250000476837158 1.3250000476837158 1.3250000476837158 1.3250000476837158 1.3250000476837158 1.3250000476837158 1.3250000476837158
1.3300000429153442 1.3300000429153442 1.3300000429153442 1.3300000429153442 1.3300000429153442 1.3300000429153442 1.3300000429153442 1.3300000429153442 1.3300000429153442 1.3300000429153442 1.3300000429153442
1.3350000381469727 1.3350000381469727 1.3350000381469727 1.3350000381469727 1.3350000381469727 1.3350000381469727 1.3350000381469727 1.3350000381469727 1.3350000381469727 1.3350000381469727 1.3350000381469727
1.3400000333786011 1.3400000333786011 1.3400000333786011 1.3400000333786011 1.3400000333786011 1.3400000333786011 1.3400000333786011 1.3400000333786011 1.3400000333786011 1.3400000333786011 1.3400000333786011
1.3450000286102295 1.3450000286102295 1.3450000286102295 1.3450000286102295 1.3450000286102295 1.3450000286102295 1.3450000286102295 1.3450000286102295 1.3450000286102295 1.3450000286102295 1.3450000286102295
1.3500000238418579 1.3500000238418579 1.3500000238418579 1.3500000238418579 1.3500000238418579 1.3500000238418579 1.3500000238418579 1.3500000238418579 1.3500000238418579 1.3500000238418579 1.3500000238418579
1.3550000190734863 1.3550000190734863 1.3550000190734863 1.3550000190734863 1.3550000190734863 1.3550000190734863 1.3550000190734863 1.3550000190734863 1.3550000190734863 1.3550000190734863 1.3550000190734863
1.3600000143051147 1.3600000143051147 1.3600000143051147 1.3600000143051147 1.3600000143051147 1.3600000143051147 1.3600000143051147 1.3600000143051147 1.3600000143051147 1.3600000143051147 1.3600000143051147
1.3650000095367432 1.3650000095367432 1.3650000095367432 1.3650000095367432 1.3650000095367432 1.3650000095367432 1.3650000095367432 1.3650000095367432 1.3650000095367432 1.3650000095367432 1.3650000095367432
1.3700000047683716 1.3700000047683716 1.3700000047683716 1.3700000047683716 1.3700000047683716 1.3700000047683716 1.3700000047683716 1.3700000047683716 1.3700000047683716 1.3700000047683716 1.3700000047683716
1.375 1.375 1.375 1.375 1.375 1.375 1.375 1.375 1.375 1.375 1.375
1.3799999952316284 1.3799999952316284 1.3799999952316284 1.3799999952316284 1.3799999952316284 1.3799999952316284 1.3799999952316284 1.3799999952316284 1.3799999952316284 1.3799999952316284 1.3799999952316284
1.3849999904632568 1.3849999904632568 1.3849999904632568 1.3849999904632568 1.3849999904632568 1.3849999904632568 1.3849999904632568 1.3849999904632568 1.3849999904632568 1.3849999904632568 1.3849999904632568
1.3899999856948853 1.3899999856948853 1.3899999856948853 1.3899999856948853 1.3899999856948853 1.3899999856948853 1.3899999856948853 1.3899999856948853 1.3899999856948853 1.3899999856948853 1.3899999856948853
1.3949999809265137 1.3949999809265137 1.3949999809265137 1.3949999809265137 1.3949999809265137 1.3949999809265137 1.3949999809265137 1.3949999809265137 1.3949999809265137 1.3949999809265137 1.3949999809265137
1.3999999761581421 1.3999999761581421 1.3999999761581421 1.3999999761581421 1.3999999761581421 1.3999999761581421 1.3999999761581421 1.3999999761581421 1.3999999761581421 1.3999999761581421 1.3999999761581421
1.4049999713897705 1.4049999713897705 1.4049999713897705 1.4049999713897705 1.4049999713897705 1.4049999713897705 1.4049999713897705 1.4049999713897705 1.4049999713897705 1.4049999713897705 1.4049999713897705
1.4099999666213989 1.4099999666213989 1.4099999666213989 1.4099999666213989 1.4099999666213989 1.4099999666213989 1.4099999666213989 1.4099999666213989 1.4099999666213989 1.4099999666213989 1.4099999666213989
1.4149999618530273 1.4149999618530273 1.4149999618530273 1.4149999618530273 1.4149999618530273 1.4149999618530273 1.4149999618530273 1.4149999618530273 1.4149999618530273 1.4149999618530273 1.4149999618530273
1.4199999570846558 1.4199999570846558 1.4199999570846558 1.4199999570846558 1.4199999570846558 1.4199999570846558 1.4199999570846558 1.4199999570846558 1.4199999570846558 1.4199999570846558 1.4199999570846558
1.4249999523162842 1.4249999523162842 1.4249999523162842 1.4249999523162842 1.4249999523162842 1.4249999523162842 1.4249999523162842 1.4249999523162842 1.4249999523162842 1.4249999523162842 1.4249999523162842
1.4299999475479126 1.4299999475479126 1.4299999475479126 1.4299999475479126 1.4299999475479126 1.4299999475479126 1.4299999475479126 1.4299999475479126 1.4299999475479126 1.4299999475479126 1.4299999475479126
1.434999942779541 1.434999942779541 1.434999942779541 1.434999942779541 1.434999942779541 1.434999942779541 1.434999942779541 1.434999942779541 1.434999942779541 1.434999942779541 1.434999942779541
1.440000057220459 1.440000057220459 1.440000057220459 1.440000057220459 1.440000057220459 1.440000057220459 1.440000057220459 1.440000057220459 1.440000057220459 1.440000057220459 1.440000057220459
1.4450000524520874 1.4450000524520874 1.4450000524520874 1.4450000524520874 1.4450000524520874 1.4450000524520874 1.4450000524520874 1.4450000524520874 1.4450000524520874 1.4450000524520874 1.4450000524520874
1.4500000476837158 1.4500000476837158 1.4500000476837158 1.4500000476837158 1.4500000476837158 1.4500000476837158 1.4500000476837158 1.4500000476837158 1.4500000476837158 1.4500000476837158 1.4500000476837158
1.4550000429153442 1.4550000429153442 1.4550000429153442 1.4550000429153442 1.4550000429153442 1.4550000429153442 1.4550000429153442 1.4550000429153442 1.4550000429153442 1.4550000429153442 1.4550000429153442
1.4600000381469727 1.4600000381469727 1.4600000381469727 1.4600000381469727 1.4600000381469727 1.4600000381469727 1.4600000381469727 1.4600000381469727 1.4600000381469727 1.4600000381469727 1.4600000381469727
1.4650000333786011 1.4650000333786011 1.4650000333786011 1.4650000333786011 1.4650000333786011 1.4650000333786011 1.4650000333786011 1.4650000333786011 1.4650000333786011 1.4650000333786011 1.4650000333786011
1.4700000286102295 1.4700000286102295 1.4700000286102295 1.4700000286102295 1.4700000286102295 1.4700000286102295 1.4700000286102295 1.4700000286102295 1.4700000286102295 1.4700000286102295 1.4700000286102295
1.4750000238418579 1.4750000238418579 1.4750000238418579 1.4750000238418579 1.4750000238418579 1.4750000238418579 1.4750000238418579 1.4750000238418579 1.4750000238418579 1.4750000238418579 1.4750000238418579
1.4800000190734863 1.4800000190734863 1.4800000190734863 1.4800000190734863 1.4800000190734863 1.4800000190734863 1.4800000190734863 1.4800000190734863 1.4800000190734863 1.4800000190734863 1.4800000190734863
1.4850000143051147 1.4850000143051147 1.4850000143051147 1.4850000143051147 1.4850000143051147 1.4850000143051147 1.4850000143051147 1.4850000143051147 1.4850000143051147 1.4850000143051147 1.4850000143051147
1.4900000095367432 1.4900000095367432 1.4900000095367432 1.4900000095367432 1.4900000095367432 1.4900000095367432 1.4900000095367432 1.4900000095367432 1.4900000095367432 1.4900000095367432 1.4900000095367432
1.4950000047683716 1.4950000047683716 1.4950000047683716 1.4950000047683716 1.4950000047683716 1.4950000047683716 1.4950000047683716 1.4950000047683716 1.4950000047683716 1.4950000047683716 1.4950000047683716
1.5 1.5 1.5 1.5 1.5 1.5 1.5 1.5 1.5 1.5 1.5
1.5049999952316284 1.5049999952316284 1.5049999952316284 1.5049999952316284 1.5049999952316284 1.5049999952316284 1.5049999952316284 1.5049999952316284 1.5049999952316284 1.5049999952316284 1.5049999952316284
1.5099999904632568 1.5099999904632568 1.5099999904632568 1.5099999904632568 1.5099999904632568 1.5099999904632568 1.5099999904632568 1.5099999904632568 1.5099999904632568 1.5099999904632568 1.5099999904632568
1.5149999856948853 1.5149999856948853 1.5149999856948853 1.5149999856948853 1.5149999856948853 1.5149999856948853 1.5149999856948853 1.5149999856948853 1.5149999856948853 1.5149999856948853 1.5149999856948853
1.5199999809265137 1.5199999809265137 1.5199999809265137 1.5199999809265137 1.5199999809265137 1.5199999809265137 1.5199999809265137 1.5199999809265137 1.5199999809265137 1.5199999809265137 1.5199999809265137
1.5249999761581421 1.5249999761581421 1.5249999761581421 1.5249999761581421 1.5249999761581421 1.5249999761581421 1.5249999761581421 1.5249999761581421 1.5249999761581421 1.5249999761581421 1.5249999761581421
1.5299999713897705 1.5299999713897705 1.5299999713897705 1.5299999713897705 1.5299999713897705 1.5299999713897705 1.5299999713897705 1.5299999713897705 1.5299999713897705 1.5299999713897705 1.5299999713897705
1.5349999666213989 1.5349999666213989 1.5349999666213989 1.5349999666213989 1.5349999666213989 1.5349999666213989 1.5349999666213989 1.5349999666213989 1.5349999666213989 1.5349999666213989 1.5349999666213989
1.5399999618530273 1.5399999618530273 1.5399999618530273 1.5399999618530273 1.5399999618530273 1.5399999618530273 1.5399999618530273 1.5399999618530273 1.5399999618530273 1.5399999618530273 1.5399999618530273
1.5449999570846558 1.5449999570846558 1.5449999570846558 1.5449999570846558 1.5449999570846558 1.5449999570846558 1.5449999570846558 1.5449999570846558 1.5449999570846558 1.5449999570846558 1.5449999570846558
1.5499999523162842 1.5499999523162842 1.5499999523162842 1.5499999523162842 1.5499999523162842 1.5499999523162842 1.5499999523162842 1.5499999523162842 1.5499999523162842 1.5499999523162842 1.5499999523162842
1.5549999475479126 1.5549999475479126 1.5549999475479126 1.5549999475479126 1.5549999475479126 1.5549999475479126 1.5549999475479126 1.5549999475479126 1.5549999475479126 1.5549999475479126 1.5549999475479126
1.559999942779541 1.559999942779541 1.559999942779541 1.559999942779541 1.559999942779541 1.559999942779541 1.559999942779541 1.559999942779541 1.559999942779541 1.559999942779541 1.559999942779541
1.565000057220459 1.565000057220459 1.565000057220459 1.565000057220459 1.565000057220459 1.565000057220459 1.565000057220459 1.565000057220459 1.565000057220459 1.565000057220459 1.565000057220459
