example_models/LFP_synthetic_2D/LFP_DEM.asc
ncols        11
nrows        502
xllcorner    0.000000000000
yllcorner    0.000000000000
cellsize     0.008330000000
NODATA_value  -999
[rows 395 to 473 of 502, columns 0 to 10 of 11]
1.9650000333786011 1.9650000333786011 1.9650000333786011 1.9650000333786011 1.9650000333786011 1.9650000333786011 1.9650000333786011 1.9650000333786011 1.9650000333786011 1.9650000333786011 1.9650000333786011
1.9700000286102295 1.9700000286102295 1.9700000286102295 1.9700000286102295 1.9700000286102295 1.9700000286102295 1.9700000286102295 1.9700000286102295 1.9700000286102295 1.9700000286102295 1.9700000286102295
1.9750000238418579 1.9750000238418579 1.9750000238418579 1.9750000238418579 1.9750000238418579 1.9750000238418579 1.9750000238418579 1.9750000238418579 1.9750000238418579 1.9750000238418579 1.9750000238418579
1.9800000190734863 1.9800000190734863 1.9800000190734863 1.9800000190734863 1.9800000190734863 1.9800000190734863 1.9800000190734863 1.9800000190734863 1.9800000190734863 1.9800000190734863 1.9800000190734863
1.9850000143051147 1.9850000143051147 1.9850000143051147 1.9850000143051147 1.9850000143051147 1.9850000143051147 1.9850000143051147 1.9850000143051147 1.9850000143051147 1.9850000143051147 1.9850000143051147
1.9900000095367432 1.9900000095367432 1.9900000095367432 1.9900000095367432 1.9900000095367432 1.9900000095367432 1.9900000095367432 1.9900000095367432 1.9900000095367432 1.9900000095367432 1.9900000095367432
1.9950000047683716 1.9950000047683716 1.9950000047683716 1.9950000047683716 1.9950000047683716 1.9950000047683716 1.9950000047683716 1.9950000047683716 1.9950000047683716 1.9950000047683716 1.9950000047683716
2 2 2 2 2 2 2 2 2 2 2
2.005000114440918 2.005000114440918 2.005000114440918 2.005000114440918 2.005000114440918 2.005000114440918 2.005000114440918 2.005000114440918 2.005000114440918 2.005000114440918 2.005000114440918
2.0099999904632568 2.0099999904632568 2.0099999904632568 2.0099999904632568 2.0099999904632568 2.0099999904632568 2.0099999904632568 2.0099999904632568 2.0099999904632568 2.0099999904632568 2.0099999904632568
2.0150001049041748 2.0150001049041748 2.0150001049041748 2.0150001049041748 2.0150001049041748 2.0150001049041748 2.0150001049041748 2.0150001049041748 2.0150001049041748 2.0150001049041748 2.0150001049041748
2.0199999809265137 2.0199999809265137 2.0199999809265137 2.0199999809265137 2.0199999809265137 2.0199999809265137 2.0199999809265137 2.0199999809265137 2.0199999809265137 2.0199999809265137 2.0199999809265137
2.0250000953674316 2.0250000953674316 2.0250000953674316 2.0250000953674316 2.0250000953674316 2.0250000953674316 2.0250000953674316 2.0250000953674316 2.0250000953674316 2.0250000953674316 2.0250000953674316
2.0299999713897705 2.0299999713897705 2.0299999713897705 2.0299999713897705 2.0299999713897705 2.0299999713897705 2.0299999713897705 2.0299999713897705 2.0299999713897705 2.0299999713897705 2.0299999713897705
2.0350000858306885 2.0350000858306885 2.0350000858306885 2.0350000858306885 2.0350000858306885 2.0350000858306885 2.0350000858306885 2.0350000858306885 2.0350000858306885 2.0350000858306885 2.0350000858306885
2.0399999618530273 2.0399999618530273 2.0399999618530273 2.0399999618530273 2.0399999618530273 2.0399999618530273 2.0399999618530273 2.0399999618530273 2.0399999618530273 2.0399999618530273 2.0399999618530273
2.0450000762939453 2.0450000762939453 2.0450000762939453 2.0450000762939453 2.0450000762939453 2.0450000762939453 2.0450000762939453 2.0450000762939453 2.0450000762939453 2.0450000762939453 2.0450000762939453
2.0499999523162842 2.0499999523162842 2.0499999523162842 2.0499999523162842 2.0499999523162842 2.0499999523162842 2.0499999523162842 2.0499999523162842 2.0499999523162842 2.0499999523162842 2.0499999523162842
2.0550000667572021 2.0550000667572021 2.0550000667572021 2.0550000667572021 2.0550000667572021 2.0550000667572021 2.0550000667572021 2.0550000667572021 2.0550000667572021 2.0550000667572021 2.0550000667572021
2.059999942779541 2.059999942779541 2.059999942779541 2.059999942779541 2.059999942779541 2.059999942779541 2.059999942779541 2.059999942779541 2.059999942779541 2.059999942779541 2.059999942779541
2.065000057220459 2.065000057220459 2.065000057220459 2.065000057220459 2.065000057220459 2.065000057220459 2.065000057220459 2.065000057220459 2.065000057220459 2.065000057220459 2.065000057220459
2.0699999332427979 2.0699999332427979 2.0699999332427979 2.0699999332427979 2.0699999332427979 2.0699999332427979 2.0699999332427979 2.0699999332427979 2.0699999332427979 2.0699999332427979 2.0699999332427979
2.0750000476837158 2.0750000476837158 2.0750000476837158 2.0750000476837158 2.0750000476837158 2.0750000476837158 2.0750000476837158 2.0750000476837158 2.0750000476837158 2.0750000476837158 2.0750000476837158
2.0799999237060547 2.0799999237060547 2.0799999237060547 2.0799999237060547 2.0799999237060547 2.0799999237060547 2.0799999237060547 2.0799999237060547 2.0799999237060547 2.0799999237060547 2.0799999237060547
2.0850000381469727 2.0850000381469727 2.0850000381469727 2.0850000381469727 2.0850000381469727 2.0850000381469727 2.0850000381469727 2.0850000381469727 2.0850000381469727 2.0850000381469727 2.0850000381469727
2.0899999141693115 2.0899999141693115 2.0899999141693115 2.0899999141693115 2.0899999141693115 2.0899999141693115 2.0899999141693115 2.0899999141693115 2.0899999141693115 2.0899999141693115 2.0899999141693115
2.0950000286102295 2.0950000286102295 2.0950000286102295 2.0950000286102295 2.0950000286102295 2.0950000286102295 2.0950000286102295 2.0950000286102295 2.0950000286102295 2.0950000286102295 2.0950000286102295
2.0999999046325684 2.0999999046325684 2.0999999046325684 2.0999999046325684 2.0999999046325684 2.0999999046325684 2.0999999046325684 2.0999999046325684 2.0999999046325684 2.0999999046325684 2.0999999046325684
2.1050000190734863 2.1050000190734863 2.1050000190734863 2.1050000190734863 2.1050000190734863 2.1050000190734863 2.1050000190734863 2.1050000190734863 2.1050000190734863 2.1050000190734863 2.1050000190734863
2.1099998950958252 2.1099998950958252 2.1099998950958252 2.1099998950958252 2.1099998950958252 2.1099998950958252 2.1099998950958252 2.1099998950958252 2.1099998950958252 2.1099998950958252 2.1099998950958252
2.1150000095367432 2.1150000095367432 2.1150000095367432 2.1150000095367432 2.1150000095367432 2.1150000095367432 2.1150000095367432 2.1150000095367432 2.1150000095367432 2.1150000095367432 2.1150000095367432
2.119999885559082 2.119999885559082 2.119999885559082 2.119999885559082 2.119999885559082 2.119999885559082 2.119999885559082 2.119999885559082 2.119999885559082 2.119999885559082 2.119999885559082
2.125 2.125 2.125 2.125 2.125 2.125 2.125 2.125 2.125 2.125 2.125
2.130000114440918 2.130000114440918 2.130000114440918 2.130000114440918 2.130000114440918 2.130000114440918 2.130000114440918 2.130000114440918 2.130000114440918 2.130000114440918 2.130000114440918
2.1349999904632568 2.1349999904632568 2.1349999904632568 2.1349999904632568 2.1349999904632568 2.1349999904632568 2.1349999904632568 2.1349999904632568 2.1349999904632568 2.1349999904632568 2.1349999904632568
2.1400001049041748 2.1400001049041748 2.1400001049041748 2.1400001049041748 2.1400001049041748 2.1400001049041748 2.1400001049041748 2.1400001049041748 2.1400001049041748 2.1400001049041748 2.1400001049041748
2.1449999809265137 2.1449999809265137 2.1449999809265137 2.1449999809265137 2.1449999809265137 2.1449999809265137 2.1449999809265137 2.1449999809265137 2.1449999809265137 2.1449999809265137 2.1449999809265137
2.1500000953674316 2.1500000953674316 2.1500000953674316 2.1500000953674316 2.1500000953674316 2.1500000953674316 2.1500000953674316 2.1500000953674316 2.1500000953674316 2.1500000953674316 2.1500000953674316
2.1549999713897705 2.1549999713897705 2.1549999713897705 2.1549999713897705 2.1549999713897705 2.1549999713897705 2.1549999713897705 2.1549999713897705 2.1549999713897705 2.1549999713897705 2.1549999713897705
2.1600000858306885 2.1600000858306885 2.1600000858306885 2.1600000858306885 2.1600000858306885 2.1600000858306885 2.1600000858306885 2.1600000858306885 2.1600000858306885 2.1600000858306885 2.1600000858306885
2.1649999618530273 2.1649999618530273 2.1649999618530273 2.1649999618530273 2.1649999618530273 2.1649999618530273 2.1649999618530273 2.1649999618530273 2.1649999618530273 2.1649999618530273 2.1649999618530273
2.1700000762939453 2.1700000762939453 2.1700000762939453 2.1700000762939453 2.1700000762939453 2.1700000762939453 2.1700000762939453 2.1700000762939453 2.1700000762939453 2.1700000762939453 2.1700000762939453
2.1749999523162842 2.1749999523162842 2.1749999523162842 2.1749999523162842 2.1749999523162842 2.1749999523162842 2.1749999523162842 2.1749999523162842 2.1749999523162842 2.1749999523162842 2.1749999523162842
2.1800000667572021 2.1800000667572021 2.1800000667572021 2.1800000667572021 2.1800000667572021 2.1800000667572021 2.1800000667572021 2.1800000667572021 2.1800000667572021 2.1800000667572021 2.1800000667572021
2.184999942779541 2.184999942779541 2.184999942779541 2.184999942779541 2.184999942779541 2.184999942779541 2.184999942779541 2.184999942779541 2.184999942779541 2.184999942779541 2.184999942779541
2.190000057220459 2.190000057220459 2.190000057220459 2.190000057220459 2.190000057220459 2.190000057220459 2.190000057220459 2.190000057220459 2.190000057220459 2.190000057220459 2.190000057220459
2.1949999332427979 2.1949999332427979 2.1949999332427979 2.1949999332427979 2.1949999332427979 2.1949999332427979 2.1949999332427979 2.1949999332427979 2.1949999332427979 2.1949999332427979 2.1949999332427979
2.2000000476837158 2.2000000476837158 2.2000000476837158 2.2000000476837158 2.2000000476837158 2.2000000476837158 2.2000000476837158 2.2000000476837158 2.2000000476837158 2.2000000476837158 2.2000000476837158
2.2049999237060547 2.2049999237060547 2.2049999237060547 2.2049999237060547 2.2049999237060547 2.2049999237060547 2.2049999237060547 2.2049999237060547 2.2049999237060547 2.2049999237060547 2.2049999237060547
2.2100000381469727 2.2100000381469727 2.2100000381469727 2.2100000381469727 2.2100000381469727 2.2100000381469727 2.2100000381469727 2.2100000381469727 2.2100000381469727 2.2100000381469727 2.2100000381469727
2.2149999141693115 2.2149999141693115 2.2149999141693115 2.2149999141693115 2.2149999141693115 2.2149999141693115 2.2149999141693115 2.2149999141693115 2.2149999141693115 2.2149999141693115 2.2149999141693115
2.2200000286102295 2.2200000286102295 2.2200000286102295 2.2200000286102295 2.2200000286102295 2.2200000286102295 2.2200000286102295 2.2200000286102295 2.2200000286102295 2.2200000286102295 2.2200000286102295
2.2249999046325684 2.2249999046325684 2.2249999046325684 2.2249999046325684 2.2249999046325684 2.2249999046325684 2.2249999046325684 2.2249999046325684 2.2249999046325684 2.2249999046325684 2.2249999046325684
2.2300000190734863 2.2300000190734863 2.2300000190734863 2.2300000190734863 2.2300000190734863 2.2300000190734863 2.2300000190734863 2.2300000190734863 2.2300000190734863 2.2300000190734863 2.2300000190734863
2.2349998950958252 2.2349998950958252 2.2349998950958252 2.2349998950958252 2.2349998950958252 2.2349998950958252 2.2349998950958252 2.2349998950958252 2.2349998950958252 2.2349998950958252 2.2349998950958252
2.2400000095367432 2.2400000095367432 2.2400000095367432 2.2400000095367432 2.2400000095367432 2.2400000095367432 2.2400000095367432 2.2400000095367432 2.2400000095367432 2.2400000095367432 2.2400000095367432
2.244999885559082 2.244999885559082 2.244999885559082 2.244999885559082 2.244999885559082 2.244999885559082 2.244999885559082 2.244999885559082 2.244999885559082 2.244999885559082 2.244999885559082
2.25 2.25 2.25 2.25 2.25 2.25 2.25 2.25 2.25 2.25 2.25
2.255000114440918 2.255000114440918 2.255000114440918 2.255000114440918 2.255000114440918 2.255000114440918 2.255000114440918 2.255000114440918 2.255000114440918 2.255000114440918 2.255000114440918
2.2599999904632568 2.2599999904632568 2.2599999904632568 2.2599999904632568 2.2599999904632568 2.2599999904632568 2.2599999904632568 2.2599999904632568 2.2599999904632568 2.2599999904632568 2.2599999904632568
2.2650001049041748 2.2650001049041748 2.2650001049041748 2.2650001049041748 2.2650001049041748 2.2650001049041748 2.2650001049041748 2.2650001049041748 2.2650001049041748 2.2650001049041748 2.2650001049041748
2.2699999809265137 2.2699999809265137 2.2699999809265137 2.2699999809265137 2.2699999809265137 2.2699999809265137 2.2699999809265137 2.2699999809265137 2.2699999809265137 2.2699999809265137 2.2699999809265137
2.2750000953674316 2.2750000953674316 2.2750000953674316 2.2750000953674316 2.2750000953674316 2.2750000953674316 2.2750000953674316 2.2750000953674316 2.2750000953674316 2.2750000953674316 2.2750000953674316
2.2799999713897705 2.2799999713897705 2.2799999713897705 2.2799999713897705 2.2799999713897705 2.2799999713897705 2.2799999713897705 2.2799999713897705 2.2799999713897705 2.2799999713897705 2.2799999713897705
2.2850000858306885 2.2850000858306885 2.2850000858306885 2.2850000858306885 2.2850000858306885 2.2850000858306885 2.2850000858306885 2.2850000858306885 2.2850000858306885 2.2850000858306885 2.2850000858306885
2.2899999618530273 2.2899999618530273 2.2899999618530273 2.2899999618530273 2.2899999618530273 2.2899999618530273 2.2899999618530273 2.2899999618530273 2.2899999618530273 2.2899999618530273 2.2899999618530273
2.2950000762939453 2.2950000762939453 2.2950000762939453 2.2950000762939453 2.2950000762939453 2.2950000762939453 2.2950000762939453 2.2950000762939453 2.2950000762939453 2.2950000762939453 2.2950000762939453
2.2999999523162842 2.2999999523162842 2.2999999523162842 2.2999999523162842 2.2999999523162842 2.2999999523162842 2.2999999523162842 2.2999999523162842 2.2999999523162842 2.2999999523162842 2.2999999523162842
2.3050000667572021 2.3050000667572021 2.3050000667572021 2.3050000667572021 2.3050000667572021 2.3050000667572021 2.3050000667572021 2.3050000667572021 2.3050000667572021 2.3050000667572021 2.3050000667572021
2.309999942779541 2.309999942779541 2.309999942779541 2.309999942779541 2.309999942779541 2.309999942779541 2.309999942779541 2.309999942779541 2.309999942779541 2.309999942779541 2.309999942779541
2.315000057220459 2.315000057220459 2.315000057220459 2.315000057220459 2.315000057220459 2.315000057220459 2.315000057220459 2.315000057220459 2.315000057220459 2.315000057220459 2.315000057220459
2.3199999332427979 2.3199999332427979 2.3199999332427979 2.3199999332427979 2.3199999332427979 2.3199999332427979 2.3199999332427979 2.3199999332427979 2.3199999332427979 2.3199999332427979 2.3199999332427979
2.3250000476837158 2.3250000476837158 2.3250000476837158 2.3250000476837158 2.3250000476837158 2.3250000476837158 2.3250000476837158 2.3250000476837158 2.3250000476837158 2.3250000476837158 2.3250000476837158
2.3299999237060547 2.3299999237060547 2.3299999237060547 2.3299999237060547 2.3299999237060547 2.3299999237060547 2.3299999237060547 2.3299999237060547 2.3299999237060547 2.3299999237060547 2.3299999237060547
2.3350000381469727 2.3350000381469727 2.3350000381469727 2.3350000381469727 2.3350000381469727 2.3350000381469727 2.3350000381469727 2.3350000381469727 2.3350000381469727 2.3350000381469727 2.3350000381469727
2.3399999141693115 2.3399999141693115 2.3399999141693115 2.3399999141693115 2.3399999141693115 2.3399999141693115 2.3399999141693115 2.3399999141693115 2.3399999141693115 2.3399999141693115 2.3399999141693115
2.3450000286102295 2.3450000286102295 2.3450000286102295 2.3450000286102295 2.3450000286102295 2.3450000286102295 2.3450000286102295 2.3450000286102295 2.3450000286102295 2.3450000286102295 2.3450000286102295
2.3499999046325684 2.3499999046325684 2.3499999046325684 2.3499999046325684 2.3499999046325684 2.3499999046325684 2.3499999046325684 2.3499999046325684 2.3499999046325684 2.3499999046325684 2.3499999046325684
2.3550000190734863 2.3550000190734863 2.3550000190734863 2.3550000190734863 2.3550000190734863 2.3550000190734863 2.3550000190734863 2.3550000190734863 2.3550000190734863 2.3550000190734863 2.3550000190734863
